0.000000000000000 
0.000000000000000 
0.000000000000000 
0.000000000000000 
0.000000000000000 
0.000000000000000 
0.000000000000000 
0.000000000000000 
0.000000000000000 
0.000000000000000 
0.000000000000000 
0.000000000000000 
0.000000000000000 
0.000000000000000 
0.000000000000000 
0.000000000000000 
0.000000000000000 
0.000000000000000 
0.000000000000000 
0.000000000000000 
0.000000000000000 
0.000000000000000 
0.000000000000000 
0.000000000000000 
0.000000000000000 
0.000000000000000 
0.000000000000000 
0.000000000000000 
0.000000000000000 
0.003116175184881 
0.024432368481023 
0.050742088252798 
0.083070995194590 
0.122649874903923 
0.171972315042681 
0.243739308824101 
0.334620535233781 
0.444942789539252 
0.579352119686909 
0.750114539255190 
0.956793871751802 
1.204246439452250 
1.505479712030061 
1.864661828212789 
2.290504678212244 
2.794111607005301 
3.384073251426399 
4.073296104709361 
4.872449246853662 
5.793966129993541 
6.850393014362330 
8.055326399386820 
9.423174794804353 
10.969431376763005 
12.711221855133255 
14.666500338110115 
16.854372837258609 
19.295659945274938 
22.012919618720741 
25.030515073609241 
28.374679276737655 
32.073583591462899 
36.157415568280712 
40.658460253169174 
45.611189921258536 
51.052363372876307 
57.021130995428962 
63.559144771362462 
70.710673315076590 
78.522721744109617 
87.045156106407248 
96.330832033399133 
106.435727281166677 
117.419077866544953 
129.343517590806528 
142.275220843611919 
156.284048659190574 
171.443698020704431 
187.831854347279034 
205.530346923423565 
224.625306677148700 
245.207325366597814 
267.371614102022477 
291.218155336580878 
316.851849005560041 
344.382646852034554 
373.925644345806404 
405.601131241504618 
439.534559144088576 
475.856378942765616 
514.701669226274589 
556.209424735652419 
600.521276862756736 
647.779223758108628 
698.121525361260865 
751.674918488420985 
808.538800821987707 
868.749918336944802 
932.193803544799266 
998.222717019586867 
0.667430207759348 
0.667430207768529 
0.667430208934430 
0.667430227836717 
0.667430358169778 
0.667430924972180 
0.667432777662749 
0.667437768152787 
0.667449460306213 
0.667474117026825 
0.667522011271662 
0.667609107336473 
0.667759158859345 
0.668006270185304 
0.668397968096019 
0.668998831536149 
0.669894728005844 
0.671197706934197 
0.673051602856640 
0.675638404903966 
0.679185454327739 
0.683973538893734 
0.690346695316611 
0.698823901486781 
0.709831564489412 
0.723972717076554 
0.741961801964731 
0.764640195987298 
0.792993377885604 
0.828169853647506 
0.871734624168508 
0.925156483622974 
0.990118546627734 
1.069003129466342 
1.164069967475529 
1.278386010678188 
1.415303007643737 
1.578234721518181 
1.770845732189392 
1.998332967300801 
2.265551875658113 
2.578105288552020 
2.942325953738339 
3.365453743501617 
3.854885867868700 
4.418804593821609 
5.066439357465952 
5.807801479037238 
6.653745178189295 
7.616056471417962 
8.707485500151991 
9.941832419350828 
11.334002848013862 
12.900091745862470 
14.657452305534427 
16.624697497178907 
18.821807964599667 
21.270251447855713 
23.993088412177720 
27.015061960894538 
30.362684500938762 
34.064337040136905 
38.150361581701574 
42.653156180095394 
47.607279890872263 
53.049559771030083 
59.019200301805540 
65.557897030549171 
72.709954267584564 
80.522406826729139 
89.045145711728864 
98.331047583946912 
108.436107822154653 
119.419577006322555 
131.344100711247705 
144.275862558565365 
158.284730517756145 
173.444406438675230 
189.832578711982791 
207.531077760999665 
226.626033737153733 
247.208035275451806 
269.372287170968889 
293.218763623532595 
318.852352533389649 
346.382981970497895 
375.925714148196107 
407.600789025375491 
441.533584021796230 
477.854439649012704 
516.698269655092759 
558.203819920170076 
602.512338237418135 
649.765210532241554 
700.099665089977748 
753.640565900331353 
810.483534938501975 
870.656513612489789 
934.020367972134864 
999.999999999999886 
0.000000000000000 
0.000000000000000 
0.000000000000000 
0.000000000000000 
0.000000000000000 
0.000000000000000 
0.000000000000000 
0.000000000000000 
0.000000000000000 
0.000000000000000 
0.000000000000000 
0.000000000000000 
0.000000000000000 
0.000000000000000 
0.000000000000000 
0.000000000000000 
0.000000000000000 
0.000000000000000 
0.000000000000000 
0.000000000000000 
0.000000000000000 
0.000000000000000 
0.000000000000000 
0.000000000000000 
0.000000000000000 
0.000000000000000 
0.000000000000000 
0.000000000000000 
0.000000000000000 
0.000000000000000 
0.017448779586961 
0.043479364507585 
0.075432234174351 
0.114502457103643 
0.162122674889289 
0.227521740832193 
0.316415902112901 
0.424667336286329 
0.555113400775133 
0.718189988284772 
0.920467223533736 
1.161990700691856 
1.452666434965714 
1.803458590150870 
2.218381527879896 
2.709486231327368 
3.286496298294519 
3.959887252198038 
4.742736647302977 
5.646991781949609 
6.685710810257262 
7.872485349504911 
9.221877345876360 
10.749398582079753 
12.471714559911984 
14.406933218375814 
16.574822536899280 
18.995904193940124 
21.692450932344684 
24.688550677552445 
28.010172852334431 
31.685227888910433 
35.743653508447466 
40.217492777074526 
45.140975902250631 
50.550617758324869 
56.485320925214765 
62.986482394994141 
70.098105487854255 
77.866917137804549 
86.342490389344476 
95.577371778342709 
105.627213181298174 
116.550907702209130 
128.410729225968339 
141.272475386628344 
155.205613847002780 
170.283431925056675 
186.583189699097630 
204.186276756377282 
223.178372708536898 
243.649611477452595 
265.694749144929119 
289.413334827040103 
314.909883508935309 
342.294048928114762 
371.680793195092349 
403.190547495955570 
436.949354240074456 
473.088974135508124 
511.746929451820733 
553.066432095613322 
597.196100343437138 
644.289275997722598 
694.502559469100333 
747.992530337202766 
804.908055434082712 
865.369603707216243 
929.400968746887997 
996.444443438647340 
0.697091738347651 
0.697091738356801 
0.697091739518844 
0.697091758358567 
0.697091888260242 
0.697092453186600 
0.697094299744974 
0.697099273716877 
0.697110927169164 
0.697135502271106 
0.697183237958244 
0.697270045623108 
0.697419600096406 
0.697665892346536 
0.698056290626973 
0.698655157325193 
0.699548069634486 
0.700846693547014 
0.702694362769517 
0.705272417261182 
0.708807360498480 
0.713578900611038 
0.719928948488256 
0.728271655960893 
0.739104589030693 
0.753021144111850 
0.770724327754868 
0.793042029548123 
0.820943919605270 
0.855698736786947 
0.898736254501990 
0.951395593892898 
1.015431056488258 
1.093301208475654 
1.186943852301366 
1.299740700701170 
1.434476377656486 
1.595227829312873 
1.785290504091795 
2.009661266737598 
2.273295166902143 
2.581729434034651 
2.941354509857151 
3.359230394338776 
3.842734181096622 
4.400018582781429 
5.040215679607973 
5.773342943907799 
6.610287416976868 
7.562801822499227 
8.643623838984443 
9.866513853955913 
11.246341923821602 
12.799145312041315 
14.542218773981329 
16.494207419392044 
18.675154751882289 
21.106425197168008 
23.810949537123019 
26.813334012976604 
30.139920065876176 
33.818916899548960 
37.880491096356486 
42.356848369885590 
47.282344539990270 
52.693594340490606 
58.629578362270848 
65.131755050202472 
72.244176896114638 
80.013610920598197 
88.489663434815512 
97.724908947736651 
107.775022995337778 
118.698918639342949 
130.558886417910685 
143.420737615083311 
157.353950822856831 
172.431821868285454 
188.731617241326660 
206.334731169376084 
225.326846431796582 
245.798098884032129 
267.843245449541712 
291.561835000953806 
317.058381014355973 
344.442534006271103 
373.829250315648835 
405.338951366548486 
439.097663426128122 
475.237120746992730 
513.894802308347607 
555.213848850957675 
599.342760794410424 
646.434683089269356 
696.645865239356681 
750.132238226734785 
807.041399582482768 
867.491333515753468 
931.503249390332257 
998.473583405851059 
0.000000000000000 
0.000000000000000 
0.000000000000000 
0.000000000000000 
0.000000000000000 
0.000000000000000 
0.000000000000000 
0.000000000000000 
0.000000000000000 
0.000000000000000 
0.000000000000000 
0.000000000000000 
0.000000000000000 
0.000000000000000 
0.000000000000000 
0.000000000000000 
0.000000000000000 
0.000000000000000 
0.000000000000000 
0.000000000000000 
0.000000000000000 
0.000000000000000 
0.000000000000000 
0.000000000000000 
0.000000000000000 
0.000000000000000 
0.000000000000000 
0.000000000000000 
0.000000000000000 
0.000000000000000 
0.011500828339665 
0.037333181499835 
0.069017690962797 
0.107725012183386 
0.154857541611692 
0.215781290703752 
0.301629500328639 
0.408229239531888 
0.537028150436881 
0.693756033862559 
0.891760237596560 
1.129516686036068 
1.413291136205424 
1.756094521431431 
2.163888366645158 
2.645117797146164 
3.212359781093609 
3.874608334325485 
4.644755844447315 
5.535832565439397 
6.560896222995893 
7.733716658439269 
9.068947441505223 
10.582154280347977 
12.290014045639499 
14.210435097933216 
16.362815300421275 
18.768453842663810 
21.449426273110483 
24.429636413947581 
27.734906315366334 
31.392917925107547 
35.433405564736780 
39.888232794047475 
44.791448521030226 
50.179388320695175 
56.090779415092932 
62.566843234990849 
69.651403376129963 
77.390999843769961 
85.835009327511571 
95.035771035995495 
105.048717576543027 
115.932510361042631 
127.749179054898576 
140.564264673320508 
154.446966064471439 
169.470289677661015 
185.711202661696035 
203.250789440889037 
222.174411952559922 
242.571873691263676 
264.537587588661665 
288.170747555777496 
313.575503199223704 
340.861136732873774 
370.142240323738463 
401.538890828705917 
435.176816740187519 
471.187548536178952 
509.708537373948161 
550.883215940107220 
594.860954593153451 
641.796826188479372 
691.851011166415333 
745.187445199556237 
801.970769673938094 
862.358853504488138 
926.481262926398927 
994.306181287239269 
0.728060345409851 
0.728060345418882 
0.728060346565784 
0.728060365160045 
0.728060493369239 
0.728061050935204 
0.728062873434879 
0.728067782601219 
0.728079284221532 
0.728103539136806 
0.728150652882264 
0.728236329548986 
0.728383935530668 
0.728627018985339 
0.729012331146251 
0.729603396145094 
0.730484676886483 
0.731766385902970 
0.733589992244285 
0.736134478586463 
0.739623407205002 
0.744332859578695 
0.750600322476434 
0.758834603586060 
0.769526871924996 
0.783262931736090 
0.800736851776831 
0.822766082124061 
0.850430006016439 
0.885033532040475 
0.927654342664012 
0.979803254233412 
1.043364941226703 
1.120482341448845 
1.213198220221828 
1.324965723542964 
1.458118723308650 
1.617454038512188 
1.805777792622432 
2.027997676517181 
2.289188963861791 
2.594770364752205 
2.951127868101000 
3.365337752693338 
3.844691780029742 
4.397336398772854 
5.032330910445462 
5.759631773509629 
6.590138994428916 
7.535635776327025 
8.608846205671783 
9.823511278756749 
11.194482687442825 
12.737765587785432 
14.470610399504013 
16.411590211726363 
18.580710261069282 
20.999514392415652 
23.690856422106997 
26.679406979707579 
29.991237589469062 
33.654432700730098 
37.699063137327258 
42.157201276603153 
47.063061170439994 
52.453116263955110 
58.366199869716610 
64.843614875930584 
71.929248471948640 
79.669691433093021 
88.114361918213206 
97.315633678984753 
107.328968484995002 
118.213052500625878 
130.029936334408859 
142.845178526165881 
156.727992330525581 
171.751395771352662 
187.992365048354912 
205.531991446840465 
224.455641916132237 
244.853123432769962 
266.818851145663189 
290.452020099020388 
315.856780013108789 
343.142412106219126 
372.423506141741711 
403.820134570224752 
437.458018442505306 
473.468676053882064 
511.989538859488391 
553.164007772299783 
597.141401707829459 
644.076709406951636 
694.129970315069613 
747.464872186011121 
804.245590921569146 
864.629030379840174 
928.742469045247731 
996.542254826245994 
0.000000000000000 
0.000000000000000 
0.000000000000000 
0.000000000000000 
0.000000000000000 
0.000000000000000 
0.000000000000000 
0.000000000000000 
0.000000000000000 
0.000000000000000 
0.000000000000000 
0.000000000000000 
0.000000000000000 
0.000000000000000 
0.000000000000000 
0.000000000000000 
0.000000000000000 
0.000000000000000 
0.000000000000000 
0.000000000000000 
0.000000000000000 
0.000000000000000 
0.000000000000000 
0.000000000000000 
0.000000000000000 
0.000000000000000 
0.000000000000000 
0.000000000000000 
0.000000000000000 
0.000000000000000 
0.006277777045329 
0.031959658319624 
0.063440764215436 
0.101874600840425 
0.148640338192285 
0.206888797247045 
0.289085904349473 
0.394449790875526 
0.521824259039844 
0.675245099422997 
0.867907064549836 
1.102716599513439 
1.382116645125123 
1.718060755517213 
2.119726506120795 
2.593585916120610 
3.152380778303117 
3.805998775853801 
4.566303541825855 
5.446136032507890 
6.460237147778654 
7.621458459047882 
8.945108236576269 
10.446568643570304 
12.142639472412188 
14.051191710255932 
16.191480883301100 
18.584472298157610 
21.252971604081598 
24.220657084139738 
27.513101950125549 
31.157830815224230 
35.184426366847376 
39.624610026052096 
44.512306563069572 
49.883729764342277 
55.777480408873146 
62.234648830484581 
69.298922758212996 
77.016700905200551 
85.437212299181965 
94.612641126744464 
104.598256747091256 
115.452548458746904 
127.237364572917087 
140.018055373938466 
153.863619634772704 
168.846854489177673 
185.044508611595489 
202.537438785495766 
221.410770021554441 
241.754059401403936 
263.661463764086761 
287.231911216768424 
312.569276226012562 
339.782557696030437 
368.986058892704250 
400.299567192776976 
433.848530192969179 
469.764222299282039 
508.183891811270882 
549.250871370262871 
593.114621765832680 
639.930655193843791 
689.860236898191488 
743.069644260192263 
799.728483678073417 
860.005730233868348 
924.059201597434253 
991.979254504043297 
0.758431352477698 
0.758431352486635 
0.758431353621503 
0.758431372020673 
0.758431498884694 
0.758432050600669 
0.758433853978657 
0.758438711638011 
0.758450092583533 
0.758474093017773 
0.758520712453061 
0.758605490227779 
0.758751547618623 
0.758992080911987 
0.759373351112641 
0.759958216515166 
0.760830255269936 
0.762098526514570 
0.763903020841362 
0.766420854115491 
0.769873263280320 
0.774533469138870 
0.780735479502987 
0.788883916732198 
0.799464966414604 
0.813058558093153 
0.830351902964343 
0.852332961091641 
0.880015795305603 
0.914355770012226 
0.956650881081557 
1.008399915572132 
1.071652463201620 
1.148188832024526 
1.240307707189690 
1.351244483528516 
1.483394001662620 
1.641547750349532 
1.828554043470687 
2.049149808082299 
2.308548531892090 
2.612003615571873 
2.965849137138525 
3.377234253717184 
3.853458373862941 
4.402560312866365 
5.033592203992108 
5.756461460041256 
6.582013568036827 
7.522059579530035 
8.589377271225928 
9.797652899237667 
11.161756584853542 
12.697659776001272 
14.422599325234096 
16.355114721916898 
18.515277230377531 
20.924636334831497 
23.606017752875601 
26.583870107973816 
29.884325623050813 
33.535395150355740 
37.567052791088500 
42.011296079551776 
46.902254494114800 
52.276301951437709 
58.172163870761089 
64.631027739853522 
71.696657815138948 
79.415514054119186 
87.836875397691898 
97.012967432825064 
106.999094347709701 
117.853774987908835 
129.638882761262920 
142.419789137148769 
156.265510541851853 
171.248858549444009 
187.446593378509533 
204.939580799097712 
223.812952607122583 
244.156270820405837 
266.063695684271465 
289.634157437720944 
314.971531566538602 
342.184816917706485 
371.388315493005280 
402.701811840447874 
436.250748481308790 
472.166391334003379 
510.585974884432346 
551.652809517443757 
595.516320192965736 
642.331961080470819 
692.260902093563686 
745.469258094192924 
802.126342938237258 
862.400556921417547 
926.448422292046871 
994.354879411560546 
0.000000000000000 
0.000000000000000 
0.000000000000000 
0.000000000000000 
0.000000000000000 
0.000000000000000 
0.000000000000000 
0.000000000000000 
0.000000000000000 
0.000000000000000 
0.000000000000000 
0.000000000000000 
0.000000000000000 
0.000000000000000 
0.000000000000000 
0.000000000000000 
0.000000000000000 
0.000000000000000 
0.000000000000000 
0.000000000000000 
0.000000000000000 
0.000000000000000 
0.000000000000000 
0.000000000000000 
0.000000000000000 
0.000000000000000 
0.000000000000000 
0.000000000000000 
0.000000000000000 
0.000000000000000 
0.000000000000000 
0.000000000000000 
0.020542210781964 
0.056669841235160 
0.101352247569507 
0.156694326938300 
0.227589093112464 
0.319684661621745 
0.446555881071976 
0.605645630989689 
0.802335459646769 
1.044343160210073 
1.344395865361875 
1.706354969818320 
2.138972244007675 
2.654692521191405 
3.259760166112803 
3.965172415343868 
4.782117048666283 
5.721442776398542 
6.794879589046887 
8.015449965201983 
9.397359455935053 
10.956137301634662 
12.708985705665309 
14.674191628660143 
16.871265522018074 
19.321424276011204 
22.047551028375430 
25.074270705007908 
28.428025830841513 
32.137159266908590 
36.232005934996941 
40.744982022369641 
45.710681857993706 
51.165983111437640 
57.150154981129788 
63.704970154225116 
70.874821346729490 
78.706842334857356 
87.251033285580320 
96.560390132864313 
106.691037725065058 
117.702366499007695 
129.657172507914652 
142.621800717382683 
156.666291552218496 
171.864530693521147 
188.294402059929837 
206.037943728766749 
225.181505566259148 
245.815909347094447 
268.036607714194531 
291.943838479209603 
317.642770999579398 
345.243635903492930 
374.861823055849186 
406.617930962394155 
440.637734206544394 
477.052018930086831 
515.996204232097625 
557.609610210079268 
602.034122706397056 
649.411772333552790 
699.880205858208228 
753.563588175165478 
810.552192153491433 
870.847984153816583 
934.179870015528195 
999.278052770098725 
0.631714885153937 
0.631714885163196 
0.631714886339110 
0.631714905403736 
0.631715036856135 
0.631715608526403 
0.631717477128448 
0.631722510478506 
0.631734303049043 
0.631759171536161 
0.631807477141648 
0.631895321325011 
0.632046661896584 
0.632295896550137 
0.632690961350793 
0.633296992418405 
0.634200600243603 
0.635514807967940 
0.637384707839761 
0.639993894271331 
0.643571737852627 
0.648401572680071 
0.654829879652830 
0.663276560865793 
0.674246414166553 
0.688341930637691 
0.706465150794628 
0.729345635183646 
0.757957428756213 
0.793463179878087 
0.837212375621805 
0.891169712117349 
0.956825493719538 
1.036396156937157 
1.132816306798483 
1.248301630290281 
1.386848087401562 
1.551418430708698 
1.746045054207676 
1.975922858213168 
2.245719263790640 
2.561181565581554 
2.928648263179740 
3.355302732359271 
3.848433386318728 
4.416263888151197 
5.067956751750549 
5.813504951266068 
6.663751684595637 
7.630455821417388 
8.726367451274815 
9.965302830539860 
11.362206047831670 
12.933223117222173 
14.695765133083997 
16.668530600273058 
18.871597760374460 
21.326527980552797 
24.056470868290535 
27.086255663178722 
30.442477994690517 
34.153603054256273 
38.250058782664922 
42.764331153768495 
47.731071171180226 
53.187202785936300 
59.172032676404058 
65.727364336830817 
72.897616201493179 
80.729943791222084 
89.274365791373825 
98.583893904574552 
108.714666295633123 
119.726084464894484 
131.680953438172196 
144.645625222687528 
158.690145520098554 
173.888403680292498 
190.318285794803785 
208.061830635257877 
227.205387812421293 
247.839777081179250 
270.060446654022826 
293.967627324183127 
319.666477520194803 
347.267210530676891 
376.885190284134524 
408.640976374345371 
442.660285244754334 
479.073816161022080 
518.016857659567791 
559.628530894732762 
604.050410952557058 
651.424022206809013 
701.886124955390301 
755.559167664182041 
812.529509264668491 
872.787371955141452 
936.001826326607215 
999.999999999999886 
0.000000000000000 
0.000000000000000 
0.000000000000000 
0.000000000000000 
0.000000000000000 
0.000000000000000 
0.000000000000000 
0.000000000000000 
0.000000000000000 
0.000000000000000 
0.000000000000000 
0.000000000000000 
0.000000000000000 
0.000000000000000 
0.000000000000000 
0.000000000000000 
0.000000000000000 
0.000000000000000 
0.000000000000000 
0.000000000000000 
0.000000000000000 
0.000000000000000 
0.000000000000000 
0.000000000000000 
0.000000000000000 
0.000000000000000 
0.000000000000000 
0.000000000000000 
0.000000000000000 
0.000000000000000 
0.000000000000000 
0.000000000000000 
0.009083916255211 
0.044525712554655 
0.088255902977460 
0.142157944693713 
0.209723120164213 
0.296347932840193 
0.413515854369436 
0.567159264382103 
0.756607124055262 
0.988987412931152 
1.275806283950088 
1.626843650518897 
2.046031659699063 
2.545947739932259 
3.137128786719237 
3.826946734501914 
4.627516269196226 
5.550482242969750 
6.607821671299885 
7.812173457967432 
9.177653128118511 
10.719594715700374 
12.454738398168738 
14.401361974514534 
16.579492091466339 
19.010021236542837 
21.715618151240175 
24.720698777255013 
28.051495674430807 
31.736124909967511 
35.804698455060446 
40.289407875594158 
45.224612336895525 
50.646947720919698 
56.595434265262767 
63.111585276796866 
70.239521035240685 
78.026087752149991 
86.520981373203426 
95.776875956535036 
105.849556293879147 
116.798054419940712 
128.684789700276610 
141.575712290201523 
155.540449888517827 
170.652457834553871 
186.989172683180357 
204.632169418920796 
223.667322426296977 
244.184970212670436 
266.280083668709040 
290.052437316098917 
315.606782460607803 
343.053020308157102 
372.506371679615995 
404.087537574111195 
437.922840770454115 
474.144331614410078 
512.889828558969953 
554.302840516643641 
598.532263206076550 
645.731620111960183 
696.057609520351320 
749.666480381812789 
806.705449441506403 
867.287942057004102 
931.402281714257356 
998.236299507834360 
0.657403404355664 
0.657403404364769 
0.657403405521153 
0.657403424269144 
0.657403553538318 
0.657404115714006 
0.657405953281395 
0.657410903035143 
0.657422499749105 
0.657446955209294 
0.657494458536195 
0.657580843776978 
0.657729670864115 
0.657974766264863 
0.658363270064543 
0.658959236953064 
0.659847839785152 
0.661140226286649 
0.662979082374103 
0.665544959797142 
0.669063431797675 
0.673813148586819 
0.680134874928112 
0.688441604940094 
0.699336223765546 
0.713362338416643 
0.731208036554441 
0.753710175805972 
0.781849691645806 
0.816770731221889 
0.859966308024290 
0.913088379989005 
0.977701894158610 
1.056185304751316 
1.150993806731480 
1.264817153250498 
1.401314975242341 
1.563618084232654 
1.755502767069840 
1.982261953820718 
2.248421842928876 
2.559731293818683 
2.922584699477941 
3.344018484913670 
3.831232947754518 
4.392501526522109 
5.036884152642223 
5.774328117488048 
6.615691942287192 
7.572716966394985 
8.658117168485260 
9.885645242556832 
11.270190679195903 
12.827829058973323 
14.575910253901132 
16.533139083153959 
18.719624005599833 
21.156836625802971 
23.867801256014559 
26.877215710879586 
30.211500678260585 
33.898946937631663 
37.969805231102711 
42.456361288233865 
47.393054274393926 
52.816587300537684 
58.766033599964153 
65.282948904455864 
72.411488094534988 
80.198526124825563 
88.693783197663436 
97.949954054933983 
108.022841175427317 
118.971491635984137 
130.858337426629816 
143.749339090398450 
157.714132662012645 
172.826179975760198 
189.162922475179897 
206.805938667366860 
225.841105312205713 
246.358762312596298 
268.453881058283855 
292.226235634383499 
317.780575759464170 
345.226799428238451 
374.680121759210067 
406.261234070210492 
440.096442984047542 
476.317772030659739 
515.062995056890372 
556.475546027191513 
600.704200320454106 
647.902318960469756 
698.226201994061967 
751.831320638087391 
808.862991317944534 
869.428500876128396 
933.482413218047327 
999.999999999999886 
0.000000000000000 
0.000000000000000 
0.000000000000000 
0.000000000000000 
0.000000000000000 
0.000000000000000 
0.000000000000000 
0.000000000000000 
0.000000000000000 
0.000000000000000 
0.000000000000000 
0.000000000000000 
0.000000000000000 
0.000000000000000 
0.000000000000000 
0.000000000000000 
0.000000000000000 
0.000000000000000 
0.000000000000000 
0.000000000000000 
0.000000000000000 
0.000000000000000 
0.000000000000000 
0.000000000000000 
0.000000000000000 
0.000000000000000 
0.000000000000000 
0.000000000000000 
0.000000000000000 
0.000000000000000 
0.000000000000000 
0.000000000000000 
0.000000000000000 
0.034338160218116 
0.077392001242346 
0.130354062045322 
0.195818924545273 
0.279706876746900 
0.387046881303114 
0.537310389857931 
0.721015902805675 
0.947247483369766 
1.222690400945730 
1.565082694016524 
1.975223134259136 
2.461802645818817 
3.041880737614471 
3.719874060289703 
4.508054331489808 
5.417672547110747 
6.462301499280899 
7.653858537059363 
9.006585090655145 
10.535570631902488 
12.257455761830315 
14.190277492847024 
16.353646390186224 
18.769140127962149 
21.459221748731398 
24.448153550018624 
27.762050490409198 
31.428834314521708 
35.478446196795687 
39.942919640615493 
44.856430475369272 
50.255433036040834 
56.178770489049469 
62.667775428851243 
69.766379863134404 
77.521231779412517 
85.981817272437482 
95.200587756238320 
105.233091869244845 
116.138111666375451 
127.977802697587961 
140.817837634885564 
154.727553226909492 
169.780100505989680 
186.052598310244775 
203.626290279575187 
222.586705517592179 
243.023823073086589 
265.032240282356156 
288.711344820582667 
314.165490011528902 
341.504172482333445 
370.842210514052738 
402.299920235861521 
436.003284809772083 
472.084108375419703 
510.680140723301122 
551.935148431415882 
595.998889415875738 
643.026912341667071 
693.180030357597843 
746.623121282890907 
803.522453892512090 
864.039290271698519 
928.312173198931418 
996.352542431192774 
0.684472357470790 
0.684472357479795 
0.684472358623425 
0.684472377164650 
0.684472505008149 
0.684473060983754 
0.684474878285113 
0.684479773449373 
0.684491242266330 
0.684515428013891 
0.684562407439478 
0.684647839960773 
0.684795025673916 
0.685037417982637 
0.685421637075728 
0.686011031198878 
0.686889833855351 
0.688167966952955 
0.689986542783138 
0.692548792224692 
0.696066755859468 
0.700815626092409 
0.707135944002343 
0.715440343320712 
0.726224781079063 
0.740081051636390 
0.757710715012279 
0.779940577418673 
0.807739857656407 
0.842254029284682 
0.885188019293247 
0.937734165435048 
1.001649631501377 
1.079379361385443 
1.172990066111055 
1.285750604582684 
1.420776061085701 
1.581520275578208 
1.771524568203771 
1.996035912121906 
2.259624641890257 
2.567961599640237 
2.927502437606979 
3.345192119199057 
3.828142375377694 
4.384687095404358 
5.023815703737716 
5.755394707009454 
6.590271413984891 
7.540194780042415 
8.617891179636556 
9.837055181900162 
11.212548428495015 
12.760393282228552 
14.497883653971709 
16.443649310670388 
18.617763784029808 
21.041847437067375 
23.738846978495488 
26.733451064924562 
30.051894844114194 
33.722338464292790 
37.774944908507422 
42.241837748808251 
47.157294760363826 
52.557867953851101 
58.482472170341659 
64.972495131628264 
72.071912658763154 
79.827408455068550 
88.288498362872602 
97.507658996665739 
107.540460568865896 
118.445703652473796 
130.285559604275960 
143.125714413681322 
157.035515835137687 
172.088123779794557 
188.360664051654680 
205.934385586167139 
224.894821366650291 
245.331953147961400 
267.340380003178780 
291.019490517248471 
316.473638152867466 
343.812318847197844 
373.150349150149680 
404.608041989463061 
438.311375107376193 
474.392143770004623 
512.988083434888949 
554.242937620339831 
598.306427036985042 
645.334039785506320 
695.486488516621307 
748.928476514308727 
805.825950275498030 
866.339515234173291 
930.606156725548317 
998.630095501324149 
0.000000000000000 
0.000000000000000 
0.000000000000000 
0.000000000000000 
0.000000000000000 
0.000000000000000 
0.000000000000000 
0.000000000000000 
0.000000000000000 
0.000000000000000 
0.000000000000000 
0.000000000000000 
0.000000000000000 
0.000000000000000 
0.000000000000000 
0.000000000000000 
0.000000000000000 
0.000000000000000 
0.000000000000000 
0.000000000000000 
0.000000000000000 
0.000000000000000 
0.000000000000000 
0.000000000000000 
0.000000000000000 
0.000000000000000 
0.000000000000000 
0.000000000000000 
0.000000000000000 
0.000000000000000 
0.000000000000000 
0.000000000000000 
0.000000000000000 
0.025491536882554 
0.068036602328381 
0.120290835390964 
0.184451150707716 
0.265869943071814 
0.368460287959237 
0.512492500818269 
0.692031218733763 
0.913203223525750 
1.182484565236210 
1.515043213961389 
1.917696887258649 
2.396264858177386 
2.964623643217930 
3.633670704608892 
4.411587637679162 
5.311334597494121 
6.344764234262248 
7.526192646463026 
8.868593095548468 
10.387352199855853 
12.098861523377105 
14.021083185994829 
16.173471067184384 
18.577223441006200 
21.255484564293134 
24.232327945734813 
27.533601715489240 
31.187096701747521 
35.222628910280164 
39.672114062392396 
44.569634302205074 
49.951538408672121 
55.856548811092416 
62.325868782773121 
69.403293959363396 
77.135328852880292 
85.571308391824232 
94.763524392089920 
104.767356765654114 
115.641409178941458 
127.447648813225953 
140.251549880651027 
154.122240616764657 
169.132653587839343 
185.359679287321939 
202.884323115033681 
221.791865906198893 
242.172028187985859 
264.119138282221343 
287.732304239983932 
313.115589374137073 
340.378190815220478 
369.634619983318657 
401.004883013484914 
434.614657769151222 
470.595461736392735 
509.084801119501208 
550.226284567162111 
594.169672602879132 
641.070811056731600 
691.091352245894200 
744.398055282049995 
801.161199607729031 
861.550885931363609 
925.727366931256029 
993.790481129509431 
0.712130364575699 
0.712130364584719 
0.712130365730157 
0.712130384300676 
0.712130512346172 
0.712131069200235 
0.712132889372962 
0.712137792271517 
0.712149279208195 
0.712173503163162 
0.712220556789140 
0.712306124192776 
0.712453542128648 
0.712696316440828 
0.713081139952312 
0.713671458637253 
0.714551633960975 
0.715831750937803 
0.717653123996378 
0.720194556476015 
0.723679414870903 
0.728383586162801 
0.734644396034190 
0.742870577515577 
0.753553393343360 
0.767279029900302 
0.784742393874834 
0.806762451010270 
0.834299244113878 
0.868790255609094 
0.911375296157059 
0.963495229718181 
1.026950562488817 
1.104132818552915 
1.196947657906196 
1.309034067621842 
1.442858172601512 
1.602491971958654 
1.791183888889521 
2.014017688831625 
2.275775982603047 
2.581959162856171 
2.938970244401044 
3.353888339329358 
3.833748658094530 
4.386765483371952 
5.021986819848792 
5.749246785809993 
6.579304491328212 
7.523926100862115 
8.595825147865071 
9.808736447087751 
11.177458015104506 
12.717996142309941 
14.447608536125943 
16.384888939244281 
18.549900263887842 
20.964306419883552 
23.651164173582458 
26.634863923738301 
29.941629569744755 
33.599553345272618 
37.638688451794970 
42.091106952253810 
46.991012931354874 
52.374856461706806 
58.281440816834909 
64.752033791195402 
71.830483100448305 
79.563335917781913 
87.999962670807079 
97.192685148628200 
107.196908852341721 
118.071259414739501 
129.877722848910111 
142.681789378672192 
156.552600656832425 
171.563100273303974 
187.790187565672994 
205.314874839216969 
224.222448157090241 
244.602631859691996 
266.549756907976644 
290.162933011962082 
315.546224286805170 
342.808827836832791 
372.065254128520678 
403.435507143436780 
437.045260871582911 
473.026026317148478 
511.515299136374210 
552.656670994585625 
596.599875108504193 
643.500713169985829 
693.520765223670878 
746.826667792684475 
803.588481310399402 
863.975880809879754 
928.148173007233027 
996.201372173693585 
