0.000000000000000 
0.000000000000000 
0.000000000000000 
0.000000000000000 
0.000000000000000 
0.000000000000000 
0.000000000000000 
0.000000000000000 
0.000000000000000 
0.000000000000000 
0.000000000000000 
0.000000000000000 
0.000000000000000 
0.000000000000000 
0.000000000000000 
0.000000000000000 
0.000000000000000 
0.000000000000000 
0.000000000000000 
0.000000000000000 
0.000000000000000 
0.000000000000000 
0.000000000000000 
0.000000000000000 
0.000000000000000 
0.000000000000000 
0.000000000000000 
0.000000000000000 
0.000000000000000 
0.003116175184439 
0.024432368480558 
0.050742088252305 
0.083070995194059 
0.122649874903342 
0.171972315041961 
0.243739308823000 
0.334620535232500 
0.444942789537745 
0.579352119684778 
0.750114539252357 
0.956793871748473 
1.204246439448140 
1.505479712024797 
1.864661828206406 
2.290504678204271 
2.794111606995462 
3.384073251414243 
4.073296104694189 
4.872449246835060 
5.793966129970823 
6.850393014334886 
8.055326399353996 
9.423174794765519 
10.969431376717591 
12.711221855080579 
14.666500338050000 
16.854372837191057 
19.295659945200143 
22.012919618639053 
25.030515073521144 
28.374679276643697 
32.073583591363658 
36.157415568176752 
40.658460253061037 
45.611189921146625 
51.052363372760993 
57.021130995310585 
63.559144771241378 
70.710673314953056 
78.522721743983922 
87.045156106279606 
96.330832033269559 
106.435727281035440 
117.419077866412195 
129.343517590672263 
142.275220843476291 
156.284048659053781 
171.443698020566558 
187.831854347140279 
205.530346923283673 
224.625306677008211 
245.207325366456814 
267.371614101881107 
291.218155336439395 
316.851849005418728 
344.382646851894606 
373.925644345668616 
405.601131241370638 
439.534559143961133 
475.856378942648405 
514.701669226172612 
556.209424735571702 
600.521276862703758 
647.779223758088165 
698.121525361273598 
751.674918488460889 
808.538800822040116 
868.749918336995393 
932.193803544852926 
998.222717019657466 
0.667430207748581 
0.667430207757762 
0.667430208923663 
0.667430227825950 
0.667430358159011 
0.667430924961414 
0.667432777651982 
0.667437768142019 
0.667449460295447 
0.667474117016058 
0.667522011260895 
0.667609107325705 
0.667759158848576 
0.668006270174533 
0.668397968085246 
0.668998831525373 
0.669894727995062 
0.671197706923409 
0.673051602845841 
0.675638404893152 
0.679185454316906 
0.683973538882873 
0.690346695305585 
0.698823901475721 
0.709831564478306 
0.723972717065390 
0.741961801953494 
0.764640195975969 
0.792993377874160 
0.828169853635922 
0.871734624156649 
0.925156483610874 
0.990118546615340 
1.069003129453513 
1.164069967462274 
1.278386010664282 
1.415303007629285 
1.578234721502941 
1.770845732173229 
1.998332967283694 
2.265551875639762 
2.578105288532255 
2.942325953716975 
3.365453743478446 
3.854885867843295 
4.418804593793638 
5.066439357435041 
5.807801479003006 
6.653745178151334 
7.616056471375851 
8.707485500105307 
9.941832419299155 
11.334002847956839 
12.900091745799791 
14.657452305465906 
16.624697497104513 
18.821807964519515 
21.270251447770008 
23.993088412086749 
27.015061960798697 
30.362684500838363 
34.064337040032385 
38.150361581593316 
42.653156179983718 
47.607279890757418 
53.049559770912325 
59.019200301685146 
65.557897030426432 
72.709954267459651 
80.522406826602293 
89.045145711600185 
98.331047583816456 
108.436107822022677 
119.419577006189101 
131.344100711112787 
144.275862558429225 
158.284730517618954 
173.444406438536959 
189.832578711843695 
207.531077760859546 
226.626033737013017 
247.208035275310579 
269.372287170827292 
293.218763623390998 
318.852352533248450 
346.382981970358230 
375.925714148058830 
407.600789025242079 
441.533584021669640 
477.854439648896971 
516.698269654992941 
558.203819920091746 
602.512338237367885 
649.765210532223705 
700.099665089992754 
753.640565900372053 
810.483534938554271 
870.656513612540493 
934.020367972189092 
1000.000000000000000 
0.000000000000000 
0.000000000000000 
0.000000000000000 
0.000000000000000 
0.000000000000000 
0.000000000000000 
0.000000000000000 
0.000000000000000 
0.000000000000000 
0.000000000000000 
0.000000000000000 
0.000000000000000 
0.000000000000000 
0.000000000000000 
0.000000000000000 
0.000000000000000 
0.000000000000000 
0.000000000000000 
0.000000000000000 
0.000000000000000 
0.000000000000000 
0.000000000000000 
0.000000000000000 
0.000000000000000 
0.000000000000000 
0.000000000000000 
0.000000000000000 
0.000000000000000 
0.000000000000000 
0.000000000000000 
0.017448779586572 
0.043479364507184 
0.075432234173933 
0.114502457103203 
0.162122674888816 
0.227521740831488 
0.316415902112040 
0.424667336285350 
0.555113400774016 
0.718189988282990 
0.920467223531652 
1.161990700689478 
1.452666434962756 
1.803458590147273 
2.218381527875579 
2.709486231322051 
3.286496298288026 
3.959887252190017 
4.742736647292962 
5.646991781937205 
6.685710810241899 
7.872485349485997 
9.221877345853240 
10.749398582051741 
12.471714559878412 
14.406933218335901 
16.574822536852590 
18.995904193886400 
21.692450932283894 
24.688550677484788 
28.010172852260286 
31.685227888830230 
35.743653508361746 
40.217492776983818 
45.140975902155361 
50.550617758225371 
56.485320925111381 
62.986482394887162 
70.098105487743979 
77.866917137691331 
86.342490389228487 
95.577371778223906 
105.627213181176842 
116.550907702085368 
128.410729225842061 
141.272475386499906 
155.205613846872296 
170.283431924923889 
186.583189698962855 
204.186276756240375 
223.178372708397490 
243.649611477310941 
265.694749144785305 
289.413334826894356 
314.909883508786834 
342.294048927963900 
371.680793194939554 
403.190547495801184 
436.949354239918421 
473.088974135351123 
511.746929451664073 
553.066432095461209 
597.196100343291619 
644.289275997590948 
694.502559468992331 
747.992530337128528 
804.908055434050539 
865.369603707219881 
929.400968746896297 
996.444443438709300 
0.697091738341249 
0.697091738350397 
0.697091739512440 
0.697091758352163 
0.697091888253839 
0.697092453180195 
0.697094299738571 
0.697099273710472 
0.697110927162760 
0.697135502264702 
0.697183237951840 
0.697270045616704 
0.697419600090001 
0.697665892340132 
0.698056290620568 
0.698655157318786 
0.699548069628077 
0.700846693540602 
0.702694362763102 
0.705272417254760 
0.708807360492050 
0.713578900604598 
0.719928948481800 
0.728271655954420 
0.739104589024195 
0.753021144105321 
0.770724327748299 
0.793042029541503 
0.820943919598588 
0.855698736780131 
0.898736254495072 
0.951395593885856 
1.015431056481064 
1.093301208468245 
1.186943852293743 
1.299740700693214 
1.434476377648229 
1.595227829304173 
1.785290504082594 
2.009661266727874 
2.273295166891717 
2.581729434023402 
2.941354509844957 
3.359230394325487 
3.842734181081944 
4.400018582765112 
5.040215679589719 
5.773342943887269 
6.610287416953681 
7.562801822472964 
8.643623838954666 
9.866513853922164 
11.246341923783397 
12.799145311998210 
14.542218773932897 
16.494207419337940 
18.675154751822362 
21.106425197102237 
23.810949537051549 
26.813334012899723 
30.139920065794136 
33.818916899462060 
37.880491096265274 
42.356848369790285 
47.282344539891099 
52.693594340387811 
58.629578362164608 
65.131755050093119 
72.244176896002330 
80.013610920483316 
88.489663434697974 
97.724908947616456 
107.775022995215267 
118.698918639218135 
130.558886417783441 
143.420737614954049 
157.353950822725579 
172.431821868151900 
188.731617241191259 
206.334731169238466 
225.326846431656492 
245.798098883889793 
267.843245449397330 
291.561835000807605 
317.058381014206930 
344.442534006119843 
373.829250315495642 
405.338951366393758 
439.097663425971746 
475.237120746835558 
513.894802308191061 
555.213848850805903 
599.342760794265928 
646.434683089139526 
696.645865239251066 
750.132238226663731 
807.041399582453550 
867.491333515758697 
931.503249390340670 
998.473583405917338 
0.000000000000000 
0.000000000000000 
0.000000000000000 
0.000000000000000 
0.000000000000000 
0.000000000000000 
0.000000000000000 
0.000000000000000 
0.000000000000000 
0.000000000000000 
0.000000000000000 
0.000000000000000 
0.000000000000000 
0.000000000000000 
0.000000000000000 
0.000000000000000 
0.000000000000000 
0.000000000000000 
0.000000000000000 
0.000000000000000 
0.000000000000000 
0.000000000000000 
0.000000000000000 
0.000000000000000 
0.000000000000000 
0.000000000000000 
0.000000000000000 
0.000000000000000 
0.000000000000000 
0.000000000000000 
0.011500828339319 
0.037333181499487 
0.069017690962444 
0.107725012183026 
0.154857541611321 
0.215781290703287 
0.301629500328011 
0.408229239531199 
0.537028150436135 
0.693756033861413 
0.891760237595158 
1.129516686034558 
1.413291136203676 
1.756094521429389 
2.163888366642816 
2.645117797143379 
3.212359781090294 
3.874608334321462 
4.644755844442375 
5.535832565433163 
6.560896222988017 
7.733716658429243 
9.068947441492488 
10.582154280331883 
12.290014045619349 
14.210435097908299 
16.362815300390793 
18.768453842627178 
21.449426273067342 
24.429636413897864 
27.734906315310347 
31.392917925045428 
35.433405564668917 
39.888232793974325 
44.791448520952095 
50.179388320612361 
56.090779415005670 
62.566843234899423 
69.651403376034608 
77.390999843670926 
85.835009327409182 
95.035771035889866 
105.048717576434285 
115.932510360930820 
127.749179054783724 
140.564264673202672 
154.446966064350761 
169.470289677537522 
185.711202661569843 
203.250789440759831 
222.174411952427818 
242.571873691128587 
264.537587588523593 
288.170747555636353 
313.575503199079492 
340.861136732726266 
370.142240323587714 
401.538890828551871 
435.176816740030176 
471.187548536018312 
509.708537373785191 
550.883215939943966 
594.860954592991447 
641.796826188322143 
691.851011166267654 
745.187445199426747 
801.970769673836912 
862.358853504424587 
926.481262926366867 
994.306181287190498 
0.728060345406507 
0.728060345415538 
0.728060346562438 
0.728060365156700 
0.728060493365896 
0.728061050931859 
0.728062873431534 
0.728067782597874 
0.728079284218189 
0.728103539133462 
0.728150652878919 
0.728236329545640 
0.728383935527324 
0.728627018981993 
0.729012331142906 
0.729603396141747 
0.730484676883137 
0.731766385899622 
0.733589992240935 
0.736134478583109 
0.739623407201645 
0.744332859575333 
0.750600322473064 
0.758834603582681 
0.769526871921606 
0.783262931732684 
0.800736851773406 
0.822766082120612 
0.850430006012933 
0.885033532036938 
0.927654342660436 
0.979803254229789 
1.043364941223007 
1.120482341445082 
1.213198220217979 
1.324965723538980 
1.458118723304530 
1.617454038507871 
1.805777792617890 
2.027997676512395 
2.289188963856665 
2.594770364746664 
2.951127868094957 
3.365337752686697 
3.844691780022314 
4.397336398764462 
5.032330910435880 
5.759631773498594 
6.590138994416112 
7.535635776312088 
8.608846205654313 
9.823511278736287 
11.194482687418891 
12.737765587757542 
14.470610399471669 
16.411590211689091 
18.580710261026635 
20.999514392367434 
23.690856422053120 
26.679406979648800 
29.991237589404989 
33.654432700660934 
37.699063137253596 
42.157201276525001 
47.063061170357628 
52.453116263868623 
58.366199869626172 
64.843614875836465 
71.929248471850883 
79.669691432991968 
88.114361918109125 
97.315633678877589 
107.328968484884967 
118.213052500512845 
130.029936334292955 
142.845178526047079 
156.727992330404021 
171.751395771228403 
187.992365048228066 
205.531991446710578 
224.455641915999536 
244.853123432634277 
266.818851145524548 
290.452020098878734 
315.856780012964066 
343.142412106071049 
372.423506141590565 
403.820134570070365 
437.458018442347679 
473.468676053721197 
511.989538859325023 
553.164007772136870 
597.141401707667910 
644.076709406795544 
694.129970314923071 
747.464872185883564 
804.245590921470694 
864.629030379779806 
928.742469045217831 
996.542254826196313 
0.000000000000000 
0.000000000000000 
0.000000000000000 
0.000000000000000 
0.000000000000000 
0.000000000000000 
0.000000000000000 
0.000000000000000 
0.000000000000000 
0.000000000000000 
0.000000000000000 
0.000000000000000 
0.000000000000000 
0.000000000000000 
0.000000000000000 
0.000000000000000 
0.000000000000000 
0.000000000000000 
0.000000000000000 
0.000000000000000 
0.000000000000000 
0.000000000000000 
0.000000000000000 
0.000000000000000 
0.000000000000000 
0.000000000000000 
0.000000000000000 
0.000000000000000 
0.000000000000000 
0.000000000000000 
0.006277777045008 
0.031959658319306 
0.063440764215122 
0.101874600840113 
0.148640338191976 
0.206888797246717 
0.289085904348998 
0.394449790875031 
0.521824259039340 
0.675245099422326 
0.867907064548884 
1.102716599512499 
1.382116645124180 
1.718060755516188 
2.119726506119760 
2.593585916119524 
3.152380778301940 
3.805998775852490 
4.566303541824293 
5.446136032505905 
6.460237147775973 
7.621458459044136 
8.945108236570977 
10.446568643562886 
12.142639472401971 
14.051191710242186 
16.191480883283081 
18.584472298134610 
21.252971604053080 
24.220657084105305 
27.513101950085101 
31.157830815177743 
35.184426366794995 
39.624610025994137 
44.512306563006312 
49.883729764273951 
55.777480408800010 
62.234648830406805 
69.298922758130772 
77.016700905114092 
85.437212299091513 
94.612641126650203 
104.598256746993272 
115.452548458645254 
127.237364572811771 
140.018055373829554 
153.863619634660211 
168.846854489061457 
185.044508611475749 
202.537438785372302 
221.410770021427140 
241.754059401272798 
263.661463763951588 
287.231911216629044 
312.569276225869032 
339.782557695882417 
368.986058892551625 
400.299567192619691 
433.848530192806891 
469.764222299114920 
508.183891811098761 
549.250871370087680 
593.114621765655329 
639.930655193666666 
689.860236898017661 
743.069644260027871 
799.728483677926874 
860.005730233751365 
924.059201597356036 
991.979254503989978 
0.758431352476569 
0.758431352485505 
0.758431353620374 
0.758431372019544 
0.758431498883565 
0.758432050599540 
0.758433853977527 
0.758438711636880 
0.758450092582404 
0.758474093016643 
0.758520712451930 
0.758605490226650 
0.758751547617495 
0.758992080910859 
0.759373351111511 
0.759958216514037 
0.760830255268807 
0.762098526513439 
0.763903020840232 
0.766420854114361 
0.769873263279188 
0.774533469137740 
0.780735479501854 
0.788883916731065 
0.799464966413470 
0.813058558092017 
0.830351902963203 
0.852332961090505 
0.880015795304470 
0.914355770011095 
0.956650881080432 
1.008399915571011 
1.071652463200508 
1.148188832023423 
1.240307707188598 
1.351244483527412 
1.483394001661513 
1.641547750348400 
1.828554043469526 
2.049149808081094 
2.308548531890806 
2.612003615570470 
2.965849137136948 
3.377234253715366 
3.853458373860785 
4.402560312863740 
5.033592203988855 
5.756461460037167 
6.582013568031645 
7.522059579523459 
8.589377271217597 
9.797652899227163 
11.161756584840404 
12.697659775985002 
14.422599325214181 
16.355114721892832 
18.515277230349071 
20.924636334798198 
23.606017752837111 
26.583870107930242 
29.884325623002002 
33.535395150301781 
37.567052791029695 
42.011296079488233 
46.902254494046709 
52.276301951365184 
58.172163870684258 
64.631027739772549 
71.696657815053882 
79.415514054030226 
87.836875397599314 
97.012967432728885 
106.999094347610026 
117.853774987805650 
129.638882761156196 
142.419789137038549 
156.265510541738138 
171.248858549326712 
187.446593378388826 
204.939580798973282 
223.812952606994372 
244.156270820273818 
266.063695684135553 
289.634157437580711 
314.971531566394390 
342.184816917557612 
371.388315492851973 
402.701811840289849 
436.250748481145820 
472.166391333835691 
510.585974884259599 
551.652809517268338 
595.516320192788157 
642.331961080293809 
692.260902093390655 
745.469258094029669 
802.126342938092648 
862.400556921303178 
926.448422291971610 
994.354879411509273 
0.000000000000000 
0.000000000000000 
0.000000000000000 
0.000000000000000 
0.000000000000000 
0.000000000000000 
0.000000000000000 
0.000000000000000 
0.000000000000000 
0.000000000000000 
0.000000000000000 
0.000000000000000 
0.000000000000000 
0.000000000000000 
0.000000000000000 
0.000000000000000 
0.000000000000000 
0.000000000000000 
0.000000000000000 
0.000000000000000 
0.000000000000000 
0.000000000000000 
0.000000000000000 
0.000000000000000 
0.000000000000000 
0.000000000000000 
0.000000000000000 
0.000000000000000 
0.000000000000000 
0.000000000000000 
0.000000000000000 
0.000000000000000 
0.020542210782288 
0.056669841235463 
0.101352247569764 
0.156694326938484 
0.227589093112521 
0.319684661621596 
0.446555881071621 
0.605645630989007 
0.802335459645690 
1.044343160208472 
1.344395865359588 
1.706354969815050 
2.138972244002942 
2.654692521185053 
3.259760166104413 
3.965172415333012 
4.782117048652316 
5.721442776381065 
6.794879589025334 
8.015449965175813 
9.397359455903723 
10.956137301597661 
12.708985705622096 
14.674191628610551 
16.871265521962084 
19.321424275948942 
22.047551028307158 
25.074270704934030 
28.428025830762458 
32.137159266824810 
36.232005934908919 
40.744982022277775 
45.710681857898336 
51.165983111339038 
57.150154981028258 
63.704970154120957 
70.874821346622909 
78.706842334748558 
87.251033285469504 
96.560390132751465 
106.691037724950405 
117.702366498891351 
129.657172507796531 
142.621800717263170 
156.666291552097505 
171.864530693398819 
188.294402059806202 
206.037943728641750 
225.181505566133126 
245.815909346967373 
268.036607714066690 
291.943838479081137 
317.642770999450534 
345.243635903364805 
374.861823055722255 
406.617930962270236 
440.637734206425591 
477.052018929976271 
515.996204231999627 
557.609610209998323 
602.034122706338394 
649.411772333518570 
699.880205858195836 
753.563588175164227 
810.552192153481997 
870.847984153782363 
934.179870015468623 
999.278052770024374 
0.631714885149908 
0.631714885159165 
0.631714886335078 
0.631714905399705 
0.631715036852105 
0.631715608522372 
0.631717477124418 
0.631722510474475 
0.631734303045012 
0.631759171532129 
0.631807477137619 
0.631895321320980 
0.632046661892552 
0.632295896546104 
0.632690961346759 
0.633296992414369 
0.634200600239563 
0.635514807963897 
0.637384707835711 
0.639993894267270 
0.643571737848551 
0.648401572675978 
0.654829879648715 
0.663276560861643 
0.674246414162362 
0.688341930633449 
0.706465150790259 
0.729345635179208 
0.757957428751687 
0.793463179873453 
0.837212375617038 
0.891169712112349 
0.956825493714316 
1.036396156931596 
1.132816306792632 
1.248301630283989 
1.386848087394816 
1.551418430701339 
1.746045054199671 
1.975922858204323 
2.245719263780813 
2.561181565570597 
2.928648263167481 
3.355302732345497 
3.848433386303093 
4.416263888133404 
5.067956751730263 
5.813504951242920 
6.663751684569243 
7.630455821387351 
8.726367451240725 
9.965302830501317 
11.362206047788312 
12.933223117173689 
14.695765133030189 
16.668530600213870 
18.871597760309957 
21.326527980483128 
24.056470868215953 
27.086255663099557 
30.442477994607067 
34.153603054168883 
38.250058782573966 
42.764331153674220 
47.731071171082839 
53.187202785836021 
59.172032676301171 
65.727364336725586 
72.897616201385702 
80.729943791112561 
89.274365791262426 
98.583893904461206 
108.714666295518072 
119.726084464777756 
131.680953438053791 
144.645625222567759 
158.690145519977335 
173.888403680170029 
190.318285794679980 
208.061830635132821 
227.205387812295157 
247.839777081052176 
270.060446653894928 
293.967627324054718 
319.666477520066110 
347.267210530548994 
376.885190284007933 
408.640976374222078 
442.660285244636384 
479.073816160912656 
518.016857659471270 
559.628530894653522 
604.050410952500329 
651.424022206776499 
701.886124955378818 
755.559167664180677 
812.529509264657918 
872.787371955105755 
936.001826326546734 
1000.000000000000000 
0.000000000000000 
0.000000000000000 
0.000000000000000 
0.000000000000000 
0.000000000000000 
0.000000000000000 
0.000000000000000 
0.000000000000000 
0.000000000000000 
0.000000000000000 
0.000000000000000 
0.000000000000000 
0.000000000000000 
0.000000000000000 
0.000000000000000 
0.000000000000000 
0.000000000000000 
0.000000000000000 
0.000000000000000 
0.000000000000000 
0.000000000000000 
0.000000000000000 
0.000000000000000 
0.000000000000000 
0.000000000000000 
0.000000000000000 
0.000000000000000 
0.000000000000000 
0.000000000000000 
0.000000000000000 
0.000000000000000 
0.000000000000000 
0.009083916255569 
0.044525712555039 
0.088255902977863 
0.142157944694125 
0.209723120164629 
0.296347932840602 
0.413515854369975 
0.567159264382631 
0.756607124055702 
0.988987412931558 
1.275806283950557 
1.626843650519141 
2.046031659698967 
2.545947739931620 
3.137128786717823 
3.826946734499420 
4.627516269192304 
5.550482242963868 
6.607821671291562 
7.812173457956080 
9.177653128103508 
10.719594715681085 
12.454738398144535 
14.401361974484750 
16.579492091430577 
19.010021236500883 
21.715618151191979 
24.720698777200752 
28.051495674370798 
31.736124909902074 
35.804698454990046 
40.289407875519210 
45.224612336816321 
50.646947720836501 
56.595434265175811 
63.111585276706407 
70.239521035146907 
78.026087752053229 
86.520981373103766 
95.776875956432463 
105.849556293773844 
116.798054419832738 
128.684789700165936 
141.575712290088177 
155.540449888402065 
170.652457834435637 
186.989172683059621 
204.632169418797446 
223.667322426170699 
244.184970212541373 
266.280083668577504 
290.052437315964710 
315.606782460470299 
343.053020308016528 
372.506371679472636 
404.087537573965392 
437.922840770305470 
474.144331614259386 
512.889828558818408 
554.302840516494712 
598.532263205932964 
645.731620111828647 
696.057609520239794 
749.666480381729798 
806.705449441455130 
867.287942056972497 
931.402281714211540 
998.236299507793319 
0.657403404356192 
0.657403404365296 
0.657403405521682 
0.657403424269672 
0.657403553538845 
0.657404115714534 
0.657405953281923 
0.657410903035670 
0.657422499749633 
0.657446955209821 
0.657494458536723 
0.657580843777505 
0.657729670864643 
0.657974766265391 
0.658363270065068 
0.658959236953591 
0.659847839785677 
0.661140226287172 
0.662979082374625 
0.665544959797660 
0.669063431798189 
0.673813148587328 
0.680134874928613 
0.688441604940585 
0.699336223766023 
0.713362338417104 
0.731208036554887 
0.753710175806396 
0.781849691646204 
0.816770731222252 
0.859966308024602 
0.913088379989254 
0.977701894158784 
1.056185304751396 
1.150993806731460 
1.264817153250335 
1.401314975241993 
1.563618084232067 
1.755502767068977 
1.982261953819487 
2.248421842927195 
2.559731293816453 
2.922584699475041 
3.344018484909931 
3.831232947749722 
4.392501526516027 
5.036884152634581 
5.774328117478531 
6.615691942275439 
7.572716966380597 
8.658117168467800 
9.885645242535860 
11.270190679170936 
12.827829058943930 
14.575910253866880 
16.533139083114516 
18.719624005555026 
21.156836625752746 
23.867801255959030 
26.877215710819012 
30.211500678195137 
33.898946937561611 
37.969805231028545 
42.456361288155705 
47.393054274311993 
52.816587300452142 
58.766033599875186 
65.282948904363707 
72.411488094439761 
80.198526124727621 
88.693783197562681 
97.949954054830442 
108.022841175321190 
118.971491635875424 
130.858337426518375 
143.749339090284508 
157.714132661896372 
172.826179975641509 
189.162922475058622 
206.805938667243083 
225.841105312078923 
246.358762312466808 
268.453881058152092 
292.226235634249008 
317.780575759326382 
345.226799428097593 
374.680121759066537 
406.261234070064347 
440.096442983898783 
476.317772030508991 
515.062995056739055 
556.475546027043038 
600.704200320311315 
647.902318960339471 
698.226201993952259 
751.831320638006105 
808.862991317894739 
869.428500876096223 
933.482413218001739 
1000.000000000000000 
0.000000000000000 
0.000000000000000 
0.000000000000000 
0.000000000000000 
0.000000000000000 
0.000000000000000 
0.000000000000000 
0.000000000000000 
0.000000000000000 
0.000000000000000 
0.000000000000000 
0.000000000000000 
0.000000000000000 
0.000000000000000 
0.000000000000000 
0.000000000000000 
0.000000000000000 
0.000000000000000 
0.000000000000000 
0.000000000000000 
0.000000000000000 
0.000000000000000 
0.000000000000000 
0.000000000000000 
0.000000000000000 
0.000000000000000 
0.000000000000000 
0.000000000000000 
0.000000000000000 
0.000000000000000 
0.000000000000000 
0.000000000000000 
0.000000000000000 
0.034338160218512 
0.077392001242798 
0.130354062045832 
0.195818924545866 
0.279706876747585 
0.387046881304081 
0.537310389859147 
0.721015902807053 
0.947247483371356 
1.222690400947742 
1.565082694018975 
1.975223134261886 
2.461802645821849 
3.041880737617733 
3.719874060292947 
4.508054331492849 
5.417672547113245 
6.462301499282445 
7.653858537059403 
9.006585090653097 
10.535570631897695 
12.257455761822103 
14.190277492834719 
16.353646390169146 
18.769140127939753 
21.459221748703364 
24.448153549984923 
27.762050490370136 
31.428834314477356 
35.478446196746454 
39.942919640561811 
44.856430475311299 
50.255433035978783 
56.178770488983560 
62.667775428781695 
69.766379863061445 
77.521231779336361 
85.981817272358512 
95.200587756156622 
105.233091869160575 
116.138111666288609 
127.977802697498618 
140.817837634793761 
154.727553226815445 
169.780100505893529 
186.052598310146607 
203.626290279474745 
222.586705517489747 
243.023823072981941 
265.032240282249347 
288.711344820473812 
314.165490011418001 
341.504172482220440 
370.842210513937630 
402.299920235744139 
436.003284809652882 
472.084108375298513 
510.680140723178567 
551.935148431294238 
595.998889415756139 
643.026912341553043 
693.180030357491887 
746.623121282801208 
803.522453892445583 
864.039290271659866 
928.312173198900382 
996.352542431030770 
0.684472357474717 
0.684472357483721 
0.684472358627351 
0.684472377168577 
0.684472505012075 
0.684473060987681 
0.684474878289039 
0.684479773453299 
0.684491242270257 
0.684515428017817 
0.684562407443405 
0.684647839964699 
0.684795025677841 
0.685037417986563 
0.685421637079656 
0.686011031202807 
0.686889833859281 
0.688167966956885 
0.689986542787068 
0.692548792228668 
0.696066755863448 
0.700815626096389 
0.707135944006327 
0.715440343324702 
0.726224781083058 
0.740081051640393 
0.757710715016290 
0.779940577422696 
0.807739857660446 
0.842254029288779 
0.885188019297367 
0.937734165439195 
1.001649631505559 
1.079379361389697 
1.172990066115355 
1.285750604587081 
1.420776061090109 
1.581520275582661 
1.771524568208259 
1.996035912126361 
2.259624641894674 
2.567961599644569 
2.927502437611139 
3.345192119202926 
3.828142375381179 
4.384687095407300 
5.023815703739918 
5.755394707010675 
6.590271413984835 
7.540194780040739 
8.617891179632869 
9.837055181894026 
11.212548428485984 
12.760393282216121 
14.497883653955412 
16.443649310649747 
18.617763784004410 
21.041847437036989 
23.738846978460039 
26.733451064884580 
30.051894844069452 
33.722338464243471 
37.774944908454252 
42.241837748751074 
47.157294760302861 
52.557867953786399 
58.482472170273496 
64.972495131556727 
72.071912658688490 
79.827408454990959 
88.288498362792453 
97.507658996582990 
107.540460568780645 
118.445703652386101 
130.285559604185835 
143.125714413588838 
157.035515835042986 
172.088123779697895 
188.360664051556057 
205.934385586066213 
224.894821366547433 
245.331953147856268 
267.340380003071687 
291.019490517139275 
316.473638152756337 
343.812318847084498 
373.150349150034288 
404.608041989345338 
438.311375107256708 
474.392143769883205 
512.988083434766168 
554.242937620218299 
598.306427036865671 
645.334039785392861 
695.486488516516147 
748.928476514220165 
805.825950275433115 
866.339515234136343 
930.606156725517621 
998.630095501153960 
0.000000000000000 
0.000000000000000 
0.000000000000000 
0.000000000000000 
0.000000000000000 
0.000000000000000 
0.000000000000000 
0.000000000000000 
0.000000000000000 
0.000000000000000 
0.000000000000000 
0.000000000000000 
0.000000000000000 
0.000000000000000 
0.000000000000000 
0.000000000000000 
0.000000000000000 
0.000000000000000 
0.000000000000000 
0.000000000000000 
0.000000000000000 
0.000000000000000 
0.000000000000000 
0.000000000000000 
0.000000000000000 
0.000000000000000 
0.000000000000000 
0.000000000000000 
0.000000000000000 
0.000000000000000 
0.000000000000000 
0.000000000000000 
0.000000000000000 
0.025491536882907 
0.068036602328811 
0.120290835391480 
0.184451150708335 
0.265869943072610 
0.368460287960185 
0.512492500819831 
0.692031218735599 
0.913203223527920 
1.182484565238864 
1.515043213964925 
1.917696887262842 
2.396264858182245 
2.964623643223695 
3.633670704615247 
4.411587637686051 
5.311334597501300 
6.344764234269461 
7.526192646469726 
8.868593095554125 
10.387352199859812 
12.098861523378680 
14.021083185993312 
16.173471067179062 
18.577223440996477 
21.255484564278607 
24.232327945715049 
27.533601715464162 
31.187096701717081 
35.222628910244495 
39.672114062351767 
44.569634302159685 
49.951538408622156 
55.856548811038053 
62.325868782714480 
69.403293959300612 
77.135328852813586 
85.571308391753846 
94.763524392015924 
104.767356765576608 
115.641409178860471 
127.447648813141441 
140.251549880563118 
154.122240616673338 
169.132653587744556 
185.359679287223798 
202.884323114931931 
221.791865906093449 
242.172028187876805 
264.119138282108452 
287.732304239866949 
313.115589374016054 
340.378190815095252 
369.634619983189054 
401.004883013350877 
434.614657769012638 
470.595461736249206 
509.084801119353074 
550.226284567011589 
594.169672602726450 
641.070811056579146 
691.091352245744247 
744.398055281908341 
801.161199607602953 
861.550885931263565 
925.727366931188612 
993.790481129446334 
0.712130364581866 
0.712130364590885 
0.712130365736324 
0.712130384306842 
0.712130512352338 
0.712131069206401 
0.712132889379128 
0.712137792277682 
0.712149279214362 
0.712173503169327 
0.712220556795306 
0.712306124198941 
0.712453542134814 
0.712696316446996 
0.713081139958479 
0.713671458643420 
0.714551633967143 
0.715831750943974 
0.717653124002552 
0.720194556482194 
0.723679414877088 
0.728383586168992 
0.734644396040390 
0.742870577521790 
0.753553393349590 
0.767279029906551 
0.784742393881109 
0.806762451016579 
0.834299244120225 
0.868790255615578 
0.911375296163613 
0.963495229724822 
1.026950562495608 
1.104132818559820 
1.196947657913233 
1.309034067629113 
1.442858172608919 
1.602491971966286 
1.791183888897387 
2.014017688839648 
2.275775982611280 
2.581959162864600 
2.938970244409612 
3.353888339337964 
3.833748658103158 
4.386765483380496 
5.021986819857101 
5.749246785817866 
6.579304491335413 
7.523926100868351 
8.595825147869991 
9.808736447090935 
11.177458015105499 
12.717996142308252 
14.447608536121077 
16.384888939235722 
18.549900263875283 
20.964306419866745 
23.651164173560925 
26.634863923712096 
29.941629569713740 
33.599553345236821 
37.638688451754724 
42.091106952209145 
46.991012931305974 
52.374856461653749 
58.281440816777803 
64.752033791134295 
71.830483100383347 
79.563335917713374 
87.999962670735044 
97.192685148552712 
107.196908852262879 
118.071259414657305 
129.877722848824504 
142.681789378583318 
156.552600656740140 
171.563100273208249 
187.790187565574087 
205.314874839114452 
224.222448156984058 
244.602631859582289 
266.549756907863184 
290.162933011844302 
315.546224286683639 
342.808827836706939 
372.065254128390507 
403.435507143302345 
437.045260871443816 
473.026026317004380 
511.515299136225849 
552.656670994434990 
596.599875108351739 
643.500713169833375 
693.520765223521266 
746.826667792543731 
803.588481310274801 
863.975880809781302 
928.148173007167770 
996.201372173630830 
