0.000000000000000 
0.000000000000000 
0.000000000000000 
0.000000000000000 
0.000000000000000 
0.000000000000000 
0.000000000000000 
0.000000000000000 
0.000000000000000 
0.000000000000000 
0.000000000000000 
0.000000000000000 
0.000000000000000 
0.000000000000000 
0.000000000000000 
0.000000000000000 
0.000000000000000 
0.000000000000000 
0.000000000000000 
0.000000000000000 
0.000000000000000 
0.000000000000000 
0.000000000000000 
0.000000000000000 
0.000000000000000 
0.000000000000000 
0.000000000000000 
0.000000000000000 
0.000000000000000 
0.000000000000000 
0.000000000000000 
0.000000000000000 
0.000000000000000 
0.000000000000000 
0.000000000000000 
0.000000000000000 
0.000000000000000 
0.000000000000000 
0.000000000000000 
0.000000000000000 
0.000000000000000 
0.000000000000000 
0.000000000000000 
0.000000000000000 
0.000000000000000 
0.000000000000000 
0.000000000000000 
0.000000000000000 
0.000000000000000 
0.000000000000000 
0.000000000000000 
0.000000000000000 
0.000000000000000 
0.000000000000000 
0.000000000000000 
0.000000000000000 
0.000000000000000 
0.000000000000000 
0.000000000000000 
0.000000000000000 
0.000000000000000 
0.000000000000000 
0.000000000000000 
0.000000000000000 
0.000000000000000 
0.000000000000000 
0.000000000000000 
0.000000000000000 
0.000000000000000 
0.000000000000000 
0.000000000000000 
0.000000000000000 
0.000000000000000 
0.000000000000000 
0.000000000000000 
0.000000000000000 
0.000000000000000 
0.000000000000000 
0.000000000000000 
0.000000000000000 
0.000000000000000 
0.000000000000000 
0.000000000000000 
0.000000000000000 
0.000000000000000 
0.000000000000000 
0.000000000000000 
0.000000000000000 
0.005673679160847 
0.012427962122689 
0.019675674076917 
0.027448593024661 
0.035780434118181 
0.044707011383093 
0.054266389894566 
0.064498782904860 
0.075446887376447 
0.087156127740798 
0.099674866874181 
0.113054715243327 
0.127349958863058 
0.142618451705077 
0.158921940207085 
0.176326492739450 
0.199342263204867 
0.224533676005118 
0.251390299670162 
0.279985868646851 
0.310466420123729 
0.343134150552289 
0.378011002168718 
0.415108150156594 
0.454542089658193 
0.496450061692130 
0.540984529106230 
0.589173769993617 
0.643170468001478 
0.700867952854593 
0.762130973752644 
0.827208145867821 
0.896344657322503 
0.969642956092341 
1.047378286752877 
1.129829356957065 
1.217435061398256 
1.311876281585107 
1.412755752045766 
1.519597022622748 
1.632602938749567 
1.752043194298730 
1.878201511235984 
2.011544311001411 
2.152824366904654 
2.302998516137593 
2.461756858507027 
2.629107617257695 
2.805467836001121 
2.991140541874327 
3.186683919346240 
3.392944146299205 
3.610253188354030 
3.838711543460975 
4.078715570537996 
4.330570907049556 
4.594941813453189 
4.872441963416337 
5.163361926968117 
5.468144030777239 
5.787202048496218 
6.121090545021399 
6.470340885423692 
6.835382890342487 
7.216690488108785 
7.614796672823205 
8.030355366739485 
8.463819191030190 
8.915673814003355 
9.386517669756383 
9.876952937324779 
10.387519608301602 
10.918817656237428 
11.471487347903759 
12.046170347516302 
12.643526168819481 
13.264183196531526 
13.908832134535981 
14.578170231816161 
15.272904045848691 
15.993774037278598 
16.741532977613172 
17.516955299358600 
18.320836779027967 
19.153993717612138 
20.017266679441864 
20.911538273691406 
21.837663717284439 
22.796554940842263 
23.789126361617633 
24.816328152349751 
25.879127473673591 
26.978518934619245 
28.115519264580776 
29.291169728421082 
30.506535711391951 
31.762707196702589 
33.060799000494328 
34.401951106074357 
35.787328998180165 
37.218124048737018 
38.695553872128926 
40.220862714053332 
41.795321833792379 
43.420231821135090 
45.096922817024208 
46.826745836461605 
48.611082003029011 
50.451342372440450 
52.348968002503476 
54.305430165158803 
56.322230643453366 
58.400902083935854 
60.543008401440517 
62.750145168039865 
65.023939947461415 
67.366052933717555 
69.778177505446394 
72.262040736285456 
74.819403886041783 
77.452062890902226 
80.161848862868808 
82.950628603563729 
85.820305131773864 
88.772818218968069 
91.810144929346677 
94.934300163191295 
98.147337203267682 
101.451348264395065 
104.848465046380099 
108.340859290498031 
111.930743339664303 
115.620370702406618 
119.412036620726823 
123.308078641935026 
127.310877194539245 
131.422856168280362 
135.646483498412437 
139.984271754333832 
144.438778732684284 
149.012608055024430 
153.708409770210721 
158.528880961578608 
163.476766359029000 
168.554858956102436 
173.766000632105261 
179.113082779318916 
184.599046935300834 
190.226885420242354 
195.999641979304954 
201.920412429804401 
207.992345313389876 
214.218642551681597 
220.602560105532575 
227.147408641936465 
233.856554199938842 
240.733418859904418 
247.781481414597181 
255.004278040811300 
262.405402970252453 
269.988509158084128 
277.757308947114780 
285.715574653729846 
293.867139346558815 
302.215897465539115 
310.765805364157700 
319.520881944278756 
328.485209228156293 
337.662932896796690 
347.058262786521766 
356.675473333999605 
366.518903958144961 
376.592959365074364 
386.902109759680911 
397.450890944298294 
408.243904281238542 
419.285816491640048 
430.581359257866779 
442.135328590517815 
453.952583913695548 
466.038046813258575 
478.396699381980056 
491.033582082347436 
503.953791031517085 
517.162474592802710 
530.664829132792420 
544.466093771149758 
558.571543908952435 
572.986483267713993 
587.716234099498024 
602.766125136938058 
618.141476733271020 
633.847582371193994 
649.889685718232613 
666.272951807862910 
683.002430559887330 
700.083010121273219 
717.519356448031317 
735.315833942455697 
753.476399468358750 
772.004458101870000 
790.902662482933351 
810.172626654948317 
829.814506030516100 
849.826359937325833 
870.203145753047693 
890.935057058576149 
912.004623734885172 
933.381311437127806 
955.010674773000574 
976.790424239595154 
998.367249021375528 
0.662633717201923 
0.662633717201927 
0.662633717202439 
0.662633717210741 
0.662633717267977 
0.662633717516899 
0.662633718330538 
0.662633720522196 
0.662633725656995 
0.662633736485384 
0.662633757518850 
0.662633795768207 
0.662633861664758 
0.662633970184655 
0.662634142196771 
0.662634406054410 
0.662634799451192 
0.662635371561383 
0.662636185485055 
0.662637321018348 
0.662638877769181 
0.662640978638727 
0.662643773688988 
0.662647444416781 
0.662652208454476 
0.662658324717849 
0.662666099021329 
0.662675890181070 
0.662688116626156 
0.662703263538321 
0.662721890540618 
0.662744639955407 
0.662772245652127 
0.662805542505339 
0.662845476483526 
0.662893115389282 
0.662949660271435 
0.663016457529878 
0.663095011733872 
0.663186999174707 
0.663294282173742 
0.663418924166995 
0.663563205587591 
0.663729640567611 
0.663920994481057 
0.664140302350000 
0.664390888136158 
0.664676384940622 
0.665000756134746 
0.665368317445693 
0.665783760020690 
0.666252174494504 
0.666779076085396 
0.667370430745482 
0.668032682392200 
0.668772781248524 
0.669598213320517 
0.670517031041820 
0.671537885115997 
0.672670057588771 
0.673923496183647 
0.675308849935912 
0.676837506161536 
0.678521628799227 
0.680374198165617 
0.682409052165486 
0.684640929000756 
0.687085511424005 
0.689759472584205 
0.692680523514362 
0.695867462312617 
0.699340225070216 
0.703119938601381 
0.707234849822193 
0.711704490246309 
0.716552788456860 
0.721806240227321 
0.727492826552367 
0.733642078423310 
0.740285143805626 
0.747454856872184 
0.755195992280531 
0.763548231979089 
0.772538204712825 
0.782206329215447 
0.792595096050670 
0.803752857601548 
0.815747095241529 
0.828604492662284 
0.842376762382884 
0.857121775315247 
0.872927604818338 
0.889821297025442 
0.907865313261168 
0.927160698098525 
0.947753122793736 
0.969704110078457 
0.993132006061105 
1.018078470968511 
1.044653088611376 
1.072968133464722 
1.103062654494148 
1.135086838552121 
1.169080085091729 
1.205254910123672 
1.243616750018051 
1.284518763802009 
1.327855437222837 
1.373835231779796 
1.422514643256372 
1.474058240918015 
1.528630294123060 
1.586333083827236 
1.647420561588510 
1.711962922351226 
1.780116204960061 
1.852124228261292 
1.928111042106645 
2.008260448193381 
2.092818867380707 
2.182033220152637 
2.276043981043427 
2.375052846871177 
2.479294219282437 
2.589008646855702 
2.704403524177244 
2.825723963589216 
2.953221022345636 
3.087183060081438 
3.227904193674707 
3.375648354204067 
3.530689792987932 
3.693312913580743 
3.863821159501017 
4.042534905048122 
4.229786039438638 
4.425924610506089 
4.631278954461536 
4.846200773100834 
5.071045352692397 
5.306184114889103 
5.552003151709743 
5.808903032382393 
6.077299635310327 
6.357613384587411 
6.650269063150700 
6.955708768072636 
7.274389172878635 
7.606772768902992 
7.953317679108614 
8.314509956519149 
8.690850248179988 
9.082854236395182 
9.491051510761555 
9.915979372928044 
10.358188839539325 
10.818248187144365 
11.296740156228683 
11.794259893068501 
12.311418139062832 
12.848842426958200 
13.407175367900580 
13.987074246658395 
14.589211227917520 
15.214275314866022 
15.862973303105679 
16.536028417354537 
17.234181423507064 
17.958191428001594 
18.708835941604256 
19.486911170123324 
20.293232580810816 
21.128635342861667 
21.993974442057851 
22.890124159405786 
23.817978155751621 
24.778452183639995 
25.772482751855755 
26.801028467066065 
27.865069493018304 
28.965608323511994 
30.103670365756216 
31.280304030954344 
32.496581264280550 
33.753597751646410 
35.052473489053128 
36.394353135427146 
37.780406472494249 
39.211828761565769 
40.689841176094077 
42.215691200470090 
43.790653046975279 
45.416028046094681 
47.093144874998039 
48.823359827923802 
50.608057848215459 
52.448652885351130 
54.346588279183365 
56.303337157171413 
58.320402836789228 
60.399319251691011 
62.541651408586603 
64.748995841606899 
67.022981246087483 
69.365268970846643 
71.777553499330537 
74.261562929158842 
76.819059461915558 
79.451839906600327 
82.161736197479897 
84.950615924170833 
87.820382864447339 
90.772977519559646 
93.810377652528018 
96.934598829752574 
100.147694966174569 
103.451758874152006 
106.848922816157369 
110.341359061373197 
113.931280446240351 
117.620940939007824 
121.412636208334419 
125.308704195998331 
129.311525693782755 
133.423524924612877 
137.647170128032087 
141.984974150109764 
146.439495037879993 
151.013336638409555 
155.709149202590993 
160.529629993749751 
165.477523901141524 
170.555624058400326 
175.766772466978949 
181.113860624590558 
186.599830158637644 
192.227673464569108 
198.000434349063994 
203.921208677881765 
209.993145028143545 
216.219445344828387 
222.603365601446598 
229.148216464060170 
235.857363957412304 
242.734230133478405 
249.782293741189164 
257.005090896200159 
264.406215749335843 
271.989321151999548 
279.758119316352293 
287.716382470618669 
295.867943509198881 
304.216696618168271 
312.766597885159058 
321.521665892756857 
330.485982280934820 
339.663692274137418 
349.059005164595874 
358.676194741832035 
368.519599656394405 
378.593623703594517 
388.902736010329761 
399.451471104898133 
410.244428845941457 
421.286274182181955 
432.581736709293295 
444.135609983887093 
455.952750546978223 
468.038076600094087 
480.396566266038576 
493.033255352690730 
505.953234521392289 
519.161645740558697 
532.663677878808357 
546.464561258427580 
560.569560946889396 
574.983968507955183 
589.713091859393785 
604.762242781967984 
620.136721476053140 
635.841797394607170 
651.882685374041898 
668.264515612430500 
684.992295586901491 
702.070861219384938 
719.504813450858478 
737.298434633278021 
755.455576414731354 
773.979506410720887 
792.872693715135142 
812.136500934065680 
831.770728450932438 
851.772915799420844 
872.137225018644813 
892.852563781347499 
913.899228382854744 
935.242401401490270 
956.818132677742597 
978.498650432655040 
1000.000000000000000 
0.000000000000000 
0.000000000000000 
0.000000000000000 
0.000000000000000 
0.000000000000000 
0.000000000000000 
0.000000000000000 
0.000000000000000 
0.000000000000000 
0.000000000000000 
0.000000000000000 
0.000000000000000 
0.000000000000000 
0.000000000000000 
0.000000000000000 
0.000000000000000 
0.000000000000000 
0.000000000000000 
0.000000000000000 
0.000000000000000 
0.000000000000000 
0.000000000000000 
0.000000000000000 
0.000000000000000 
0.000000000000000 
0.000000000000000 
0.000000000000000 
0.000000000000000 
0.000000000000000 
0.000000000000000 
0.000000000000000 
0.000000000000000 
0.000000000000000 
0.000000000000000 
0.000000000000000 
0.000000000000000 
0.000000000000000 
0.000000000000000 
0.000000000000000 
0.000000000000000 
0.000000000000000 
0.000000000000000 
0.000000000000000 
0.000000000000000 
0.000000000000000 
0.000000000000000 
0.000000000000000 
0.000000000000000 
0.000000000000000 
0.000000000000000 
0.000000000000000 
0.000000000000000 
0.000000000000000 
0.000000000000000 
0.000000000000000 
0.000000000000000 
0.000000000000000 
0.000000000000000 
0.000000000000000 
0.000000000000000 
0.000000000000000 
0.000000000000000 
0.000000000000000 
0.000000000000000 
0.000000000000000 
0.000000000000000 
0.000000000000000 
0.000000000000000 
0.000000000000000 
0.000000000000000 
0.000000000000000 
0.000000000000000 
0.000000000000000 
0.000000000000000 
0.000000000000000 
0.000000000000000 
0.000000000000000 
0.000000000000000 
0.000000000000000 
0.000000000000000 
0.000000000000000 
0.000000000000000 
0.000000000000000 
0.000000000000000 
0.000000000000000 
0.000000000000000 
0.000000000000000 
0.000000000000000 
0.000000000000000 
0.005586681986783 
0.012763693564576 
0.020458986776360 
0.028705257582338 
0.037537414875936 
0.046992463162413 
0.057109638432005 
0.067930608550698 
0.079499924819892 
0.091864046511653 
0.105072644306321 
0.119178534568294 
0.134238261893257 
0.150311423781104 
0.167460878594806 
0.185754013361141 
0.208343522214189 
0.234807576370014 
0.262978489852302 
0.292961775752356 
0.324854423341719 
0.358935511191270 
0.395433861009651 
0.434211357381013 
0.475411258458437 
0.519169803167925 
0.565630423660433 
0.614949303472039 
0.670052582946571 
0.730164088332689 
0.793886513109539 
0.861470620225362 
0.933272730097340 
1.009446780578804 
1.090077534948313 
1.175539361156020 
1.266065702804751 
1.362627891803683 
1.466719073708865 
1.577238292458076 
1.694097474374375 
1.817637862802379 
1.948074048021779 
2.085728045684318 
2.230958229135554 
2.385015829244838 
2.548692251263173 
2.721342028599234 
2.903159193363520 
3.094476809606897 
3.295808005492356 
3.507650862334897 
3.731068740611688 
3.966307146401173 
4.213287635503039 
4.472405970113202 
4.744283104297763 
5.029457329368404 
5.328690699926510 
5.642188424979137 
5.970228937627130 
6.313413009894880 
6.672484235691146 
7.047934461115290 
7.440088118496511 
7.849417455566766 
8.276601855474123 
8.722260380234610 
9.186850151052854 
9.671014830839550 
10.175302891820531 
10.700334554155740 
11.246696082804176 
11.815034538480413 
12.405989881146834 
13.020217345913764 
13.658399041610441 
14.321246065448005 
15.009510507783308 
15.723865613968723 
16.465078221897230 
17.233925083445406 
18.031174318456262 
18.857645272918234 
19.714163258886458 
20.601577444878444 
21.520761465119211 
22.472608141885996 
23.458034907457712 
24.477980397718113 
25.533432213723586 
26.625353361478620 
27.754762030464569 
28.922679950749693 
30.130167122523190 
31.378300671686787 
32.668187550304012 
34.000957503282230 
35.377767126468370 
36.799798382300466 
38.268259841436667 
39.784386647176525 
41.349441038890824 
42.964712664498620 
44.631518981545391 
46.351205641617767 
48.125146892494811 
49.954745990290128 
51.841435626083097 
53.786678370725198 
55.791967142164232 
57.858826881293965 
59.988815765204571 
62.183517537610626 
64.444548757434958 
66.773559008496036 
69.172231238285647 
71.642282155529358 
74.185462638557652 
76.803558155573370 
79.498389176905704 
82.271811632530344 
85.125717431431227 
88.062034998456909 
91.082729818535938 
94.189804984376451 
97.385301746657291 
100.671300066786344 
104.049919172579450 
107.523318117198130 
111.093696341589350 
114.763294240576244 
118.534393732682716 
122.409318833732996 
126.390436234253229 
130.480155880702966 
134.680931560577022 
138.995261491438555 
143.425688913965871 
147.974802689118235 
152.645237899544924 
157.439676455380351 
162.360847704577964 
167.411529047944356 
172.594546559039827 
177.912775609105665 
183.369141497176059 
188.966620085520873 
194.708238440553458 
200.597075479321347 
206.636262621678071 
212.828984448215152 
219.178479364011707 
225.688040268232157 
232.361015229578186 
239.200808167572546 
246.210879539618929 
253.394747033747933 
260.755986266917432 
268.298231488686667 
276.025176290030572 
283.940574316984225 
292.048239988734053 
300.352049219659477 
308.855940144710871 
317.563913847347919 
326.480035089071919 
335.608433039342856 
344.953302004375132 
354.518902152941109 
364.309560236848995 
374.329670303198782 
384.583694394823283 
395.076163234454611 
405.811676887088765 
416.794905393698230 
428.030589367810990 
439.523540544446234 
451.278642268378064 
463.300849905581686 
475.595191157800741 
488.166766255290952 
501.020747996627392 
514.162381596660452 
527.596984293742139 
541.329944654530664 
555.366721498091920 
569.712842339580106 
584.373901224556334 
599.355555694588588 
614.663523363718923 
630.303576205405193 
646.281533737981135 
662.603253915905725 
679.274620988373840 
696.301529255546029 
713.689861131365319 
731.445457138607708 
749.574074208440265 
768.081326585259148 
786.972600097065310 
806.252924265640445 
825.926775071338966 
845.997758432352271 
866.468077312393461 
887.337580447388746 
908.601935624233079 
930.248772924688296 
952.248311526608859 
974.518271796185445 
996.761334994306026 
0.693051764113605 
0.693051764113608 
0.693051764114111 
0.693051764122278 
0.693051764178577 
0.693051764423410 
0.693051765223691 
0.693051767379367 
0.693051772429869 
0.693051783080486 
0.693051803768643 
0.693051841390053 
0.693051906204772 
0.693052012943081 
0.693052182131247 
0.693052441657096 
0.693052828595423 
0.693053391313193 
0.693054191874554 
0.693055308765616 
0.693056839959018 
0.693058906338240 
0.693061655501675 
0.693065265966460 
0.693069951792025 
0.693075967643422 
0.693083614314391 
0.693093244730199 
0.693105270450286 
0.693120168690758 
0.693138489886754 
0.693160865814804 
0.693188018295260 
0.693220768494926 
0.693260046850095 
0.693306903630155 
0.693362520162093 
0.693428220736238 
0.693505485213614 
0.693595962355510 
0.693701483895828 
0.693824079377028 
0.693965991770588 
0.694129693903085 
0.694317905709211 
0.694533612333336 
0.694780083101427 
0.695060891385519 
0.695379935383288 
0.695741459835681 
0.696150078706060 
0.696610798844819 
0.697129044664068 
0.697710683847630 
0.698362054122368 
0.699089991117656 
0.699901857340783 
0.700805572297035 
0.701809643784367 
0.702923200393739 
0.704157316838602 
0.705524682803904 
0.707033484052249 
0.708695724561813 
0.710524213659374 
0.712532606623184 
0.714735446755658 
0.717148208970109 
0.719787344937834 
0.722670329843783 
0.725815710800973 
0.729243156975722 
0.732973511477530 
0.737028845069052 
0.741432511752956 
0.746209206293542 
0.751385023731760 
0.757002258043444 
0.763077082455387 
0.769639656407809 
0.776722397783457 
0.784359458426662 
0.792586796957818 
0.801442253962408 
0.810994243431628 
0.821260625266492 
0.832283113863819 
0.844108016137454 
0.856786648441767 
0.870396406392721 
0.884963659958117 
0.900544555698807 
0.917214142221932 
0.935058109113439 
0.954103995815428 
0.974424192699535 
0.996118772827270 
1.019229734558146 
1.043854702170913 
1.070091959013358 
1.097991187074765 
1.127710383656211 
1.159283940061272 
1.192843414513245 
1.228472478701067 
1.266301260088046 
1.306432009096002 
1.349103458269781 
1.394380885834107 
1.442441406692957 
1.493307977171519 
1.547186719330814 
1.604153278116746 
1.664388463230394 
1.728073888651018 
1.795321133068336 
1.866345639018484 
1.941352595783772 
2.020476485347118 
2.103926544777587 
2.191927242506171 
2.284647193209361 
2.382318128063381 
2.485221127210175 
2.593569644374371 
2.707532178013853 
2.827346975418714 
2.953260691032944 
3.085562909248470 
3.224542560007661 
3.370448696146868 
3.523575216803715 
3.684237697532348 
3.852754446543363 
4.029380054192113 
4.214482397997156 
4.408350130248431 
4.611335385667276 
4.823798132443690 
5.046115143393274 
5.278662940378373 
5.521812244652264 
5.775948150594248 
6.041484847465600 
6.318854422913116 
6.608498126634826 
6.910844594665555 
7.226313778335674 
7.555365566108493 
7.898483614887675 
8.256164014777239 
8.628904402295673 
9.017209345738820 
9.421602694955752 
9.842630211289777 
10.280850325671528 
10.736828457061907 
11.211144378084727 
11.704394115770315 
12.217186102329030 
12.750145004594401 
13.303910505631826 
13.879139165424727 
14.476502785148934 
15.096690495177176 
15.740409081192396 
16.408382372797060 
17.101349168630954 
17.820061432381280 
18.565295288124933 
19.337842871985401 
20.138513416507028 
20.968138501056810 
21.827567677146238 
22.717670777001000 
23.639338508320524 
24.593481418345352 
25.581032029753743 
26.602945152686775 
27.660197949829069 
28.753784156453033 
29.884724433505546 
31.054059964984308 
32.262857396274818 
33.512205269699891 
34.803216940216195 
36.137029722060859 
37.514806431774630 
38.937735044145207 
40.407029452754415 
41.923929685315109 
43.489702407656786 
45.105641298737105 
46.773067492131830 
48.493330000336648 
50.267806158606447 
52.097902078768094 
53.985053122326200 
55.930724391638336 
57.936411186420003 
60.003639217472042 
62.133965326228932 
64.328976555656283 
66.590292096349700 
68.919563743417228 
71.318476358918929 
73.788748297892596 
76.332131845413770 
78.950413665589537 
81.645415275013818 
84.418993592385789 
87.273041483693873 
90.209488303944198 
93.230300439275581 
96.337481851231900 
99.533074624068760 
102.819159515556024 
106.197856511524321 
109.671325384279498 
113.241766254935470 
116.911420159680290 
120.682569619970550 
124.557539216649076 
128.538696167990736 
132.628450911697769 
136.829257690881917 
141.143615144100352 
145.574066899523388 
150.123202173338143 
154.793656372505353 
159.588111701999367 
164.509297776670678 
169.559992237873871 
174.743021375008794 
180.061260752113981 
185.517635839648165 
191.115122651588848 
196.856748387959442 
202.745592082887214 
208.784785258272024 
214.977512583132608 
221.327012538674353 
227.836578089096861 
234.509557358141336 
241.349354311343035 
248.359429443928320 
255.543300474255886 
262.904543042664386 
270.446791415533085 
278.173739194311565 
286.089140029194368 
294.196808337033531 
302.500620022972896 
311.004513205155490 
319.712488941692527 
328.628611958872966 
337.757011379349990 
347.101881448717904 
356.667482258520295 
366.458140463239772 
376.478249988235746 
386.732272724870029 
397.224739208154517 
407.960249271144960 
418.943472668926631 
430.179149663342116 
441.672091557499471 
453.427181166481660 
465.449373207430256 
477.743694588107587 
490.315244567949662 
503.169194759192806 
516.310788927516910 
529.745342541233981 
543.478242004643903 
557.514943493851092 
571.860971291219585 
586.521915489433127 
601.503428926550328 
616.811223229397910 
632.451062994284598 
648.428758627427783 
664.750156725173497 
681.421127277379355 
698.447546533246509 
715.835273826790853 
733.590119816619449 
751.717802239578077 
770.223883031994319 
789.113676824668005 
808.392113974168865 
828.063528588197073 
848.131317229989463 
868.597362867285256 
889.461005944687486 
910.717075598678548 
932.351780992729687 
954.332917556193252 
976.569332499207235 
998.712179216601726 
0.000000000000000 
0.000000000000000 
0.000000000000000 
0.000000000000000 
0.000000000000000 
0.000000000000000 
0.000000000000000 
0.000000000000000 
0.000000000000000 
0.000000000000000 
0.000000000000000 
0.000000000000000 
0.000000000000000 
0.000000000000000 
0.000000000000000 
0.000000000000000 
0.000000000000000 
0.000000000000000 
0.000000000000000 
0.000000000000000 
0.000000000000000 
0.000000000000000 
0.000000000000000 
0.000000000000000 
0.000000000000000 
0.000000000000000 
0.000000000000000 
0.000000000000000 
0.000000000000000 
0.000000000000000 
0.000000000000000 
0.000000000000000 
0.000000000000000 
0.000000000000000 
0.000000000000000 
0.000000000000000 
0.000000000000000 
0.000000000000000 
0.000000000000000 
0.000000000000000 
0.000000000000000 
0.000000000000000 
0.000000000000000 
0.000000000000000 
0.000000000000000 
0.000000000000000 
0.000000000000000 
0.000000000000000 
0.000000000000000 
0.000000000000000 
0.000000000000000 
0.000000000000000 
0.000000000000000 
0.000000000000000 
0.000000000000000 
0.000000000000000 
0.000000000000000 
0.000000000000000 
0.000000000000000 
0.000000000000000 
0.000000000000000 
0.000000000000000 
0.000000000000000 
0.000000000000000 
0.000000000000000 
0.000000000000000 
0.000000000000000 
0.000000000000000 
0.000000000000000 
0.000000000000000 
0.000000000000000 
0.000000000000000 
0.000000000000000 
0.000000000000000 
0.000000000000000 
0.000000000000000 
0.000000000000000 
0.000000000000000 
0.000000000000000 
0.000000000000000 
0.000000000000000 
0.000000000000000 
0.000000000000000 
0.000000000000000 
0.000000000000000 
0.000000000000000 
0.000000000000000 
0.000000000000000 
0.000000000000000 
0.000000000000000 
0.006867269778935 
0.014507309038057 
0.022692622918431 
0.031457565574439 
0.040838723924988 
0.050874359942423 
0.061605232094956 
0.073074569058758 
0.085328209640829 
0.098415089669406 
0.112386823289214 
0.127297721134517 
0.143205906635795 
0.160173359004194 
0.178265780911608 
0.197590432782405 
0.221122628465550 
0.248964184792084 
0.278609743056374 
0.310142392512427 
0.343668983994946 
0.379415534137071 
0.417738023622532 
0.458428440764631 
0.501622655954103 
0.547482701388620 
0.596146876675302 
0.647840803144398 
0.704569453088833 
0.767433043779123 
0.834034324660467 
0.904598071780288 
0.979464961908522 
1.058968358361827 
1.143066952385642 
1.232098942444849 
1.326369834594991 
1.426489253066430 
1.534214231908438 
1.649230043492800 
1.770655256171915 
1.898973288216079 
2.034518943609891 
2.177471052450639 
2.328228442696139 
2.487409675351135 
2.656694930446575 
2.835737072896414 
3.024142253558542 
3.222397581172913 
3.430834751825492 
3.650003362080510 
3.880731564568808 
4.123974366849091 
4.379520562811086 
4.647523659572523 
4.928439937029887 
5.223031226996227 
5.532004201637895 
5.855935353608075 
6.194917609697746 
6.549334256768853 
6.919851035351167 
7.307295370679525 
7.712215314154127 
8.134811960433042 
8.575624641360841 
9.035388809257913 
9.514789393890673 
10.014260898934232 
10.534356704075750 
11.075888736205899 
11.639425944578576 
12.225523735122572 
12.834874438415707 
13.468215164515168 
14.126183789389760 
14.809480855414169 
15.518874303206665 
16.255091024012298 
17.018956226733046 
17.811205880469203 
18.632642559030810 
19.484114028259089 
20.366441655053329 
21.280499841895484 
22.227178305075142 
23.207385853856092 
24.222058905859658 
25.272149736493965 
26.358638398253984 
27.482526814286693 
28.644841235505481 
29.846654164019519 
31.089022253625430 
32.373054351981708 
33.699867144479995 
35.070614286977687 
36.486467951083696 
37.948631195133800 
39.458331417491465 
41.016824475379948 
42.625393126754830 
44.285348300810291 
45.998029067253270 
47.764803180310309 
49.587067406136804 
51.466247944922991 
53.403800836025660 
55.401212385026000 
57.459999603921943 
59.581710647707197 
61.767925294160243 
64.020255203479095 
66.340344391298657 
68.729869728312806 
71.190541552912379 
73.724106588047036 
76.332343533329379 
79.017064246379647 
81.780116573527053 
84.623384503691369 
87.548788553176507 
90.558286238327341 
93.653872585408550 
96.837580658831840 
100.111482100372982 
103.477687676318865 
106.938347831128368 
110.495653246842124 
114.151835407747143 
117.909167169935500 
121.769963335471658 
125.736581230938128 
129.811421290178515 
133.996927641103156 
138.295588696464108 
142.709937748552250 
147.242553567809978 
151.896061005388077 
156.673131599716953 
161.576484187185571 
166.608885517053977 
171.773150870742995 
177.072144685658088 
182.508781183718497 
188.086025004762604 
193.806891845001161 
199.674449100684740 
205.691816517140580 
211.862166843322512 
218.188726491998523 
224.674776205683543 
231.323651728403775 
238.138744483354287 
245.123502256488848 
252.281429886051797 
259.616089958034934 
267.131103507510204 
274.830150725753867 
282.716971673035800 
290.795366996904647 
299.069198655744231 
307.542390647307911 
316.218929741864599 
325.102866219488362 
334.198314610910074 
343.509454441199637 
353.040530975370132 
362.795855964770169 
372.779808392859536 
382.996835218614933 
393.451452115399206 
404.148244202600608 
415.091866766706232 
426.287045967684094 
437.738579525554655 
449.451337380830410 
461.430262320992369 
473.680370563309680 
486.206752282000764 
499.014572064849290 
512.109069280789299 
525.495558335445367 
539.179428785909636 
553.166145278776526 
567.461247266241685 
582.070348443508692 
596.999135833231776 
612.253368478751213 
627.838875508690421 
643.761553478949850 
660.027362790651182 
676.642322886245438 
693.612505829442057 
710.944027718704547 
728.643037148127860 
746.715699565518321 
765.168175800228823 
784.006592088298476 
803.236997318952945 
822.865300391243409 
842.897175311027127 
863.337911342356620 
884.192163884468528 
905.463512401999878 
927.153605818442657 
949.260283101692380 
971.771415472869421 
994.637976427988065 
0.724252883678989 
0.724252883678994 
0.724252883679494 
0.724252883687604 
0.724252883743532 
0.724252883986753 
0.724252884781756 
0.724252886923213 
0.724252891940403 
0.724252902520771 
0.724252923072475 
0.724252960445747 
0.724253024832968 
0.724253130867265 
0.724253298939521 
0.724253556753619 
0.724253941139822 
0.724254500146082 
0.724255295427190 
0.724256404951585 
0.724257926045704 
0.724259978795714 
0.724262709826483 
0.724266296477684 
0.724270951396846 
0.724276927569284 
0.724284523804706 
0.724294090700476 
0.724306037101319 
0.724320837075479 
0.724339037427167 
0.724361265765279 
0.724388239148355 
0.724420773325738 
0.724459792595021 
0.724506340295782 
0.724561589959820 
0.724626857138015 
0.724703611924136 
0.724793492195934 
0.724898317593978 
0.725020104258903 
0.725161080347708 
0.725323702350146 
0.725510672226240 
0.725724955386329 
0.725969799535270 
0.726248754402710 
0.726565692381738 
0.726924830098568 
0.727330750936455 
0.727788428537406 
0.728303251305990 
0.728881047940043 
0.729528114013923 
0.730251239640605 
0.731057738239964 
0.731955476441411 
0.732952905150196 
0.734059091807852 
0.735283753878470 
0.736637293593906 
0.738130833992463 
0.739776256287172 
0.741586238601453 
0.743574296111676 
0.745754822638002 
0.748143133726771 
0.750755511269628 
0.753613797704625 
0.756734302775441 
0.760134614055904 
0.763835402425647 
0.767858555414021 
0.772227232177249 
0.776965920380393 
0.782100495042290 
0.787658279402158 
0.793668107866693 
0.800160391095828 
0.807182848687817 
0.814761601518494 
0.822925995536824 
0.831713555578420 
0.841163747720746 
0.851318058500035 
0.862239854170418 
0.873970404903874 
0.886544922537130 
0.900013952179165 
0.914437911768765 
0.929906833822767 
0.946440231126846 
0.964099221216410 
0.982982780311733 
1.003150353610018 
1.024647961400114 
1.047571471103073 
1.071995042505617 
1.097980950902389 
1.125670533391065 
1.155104546973909 
1.186400362639875 
1.219658756786996 
1.254963431316238 
1.292453898190137 
1.332211021142248 
1.374413030960086 
1.419158677640552 
1.466655426924917 
1.517023694510950 
1.570395162951963 
1.626887254263155 
1.686580933560236 
1.749694025182058 
1.816349013491388 
1.886694368365939 
1.960994824853539 
2.039399815707499 
2.122087169728907 
2.209298776372541 
2.301193173830511 
2.397958567003002 
2.499822458427890 
2.607166079863721 
2.720143043606066 
2.838932340514284 
2.963761083048476 
3.094904786169985 
3.232693861590578 
3.377345156117883 
3.529149899782519 
3.688417224516218 
3.855469038828398 
4.030623845601008 
4.214228375806286 
4.406531616532174 
4.607878879018765 
4.818628439139202 
5.039153354270590 
5.269841363003767 
5.511089179187016 
5.763291879599568 
6.026831712427867 
6.302126500535238 
6.589611193476101 
6.889711622791184 
7.202883984250231 
7.529585584937313 
7.870275461216735 
8.225437202233170 
8.595581222796589 
8.981233929411101 
9.382922297091941 
9.801171481699328 
10.236525211774916 
10.689558629544429 
11.160863121309404 
11.651032276462065 
12.160667319377001 
12.690397931031688 
13.240873692009238 
13.812740343562718 
14.406662591419078 
15.023333602471158 
15.663461126527782 
16.327758987912610 
17.016965817938605 
17.731842361907507 
18.473161803225409 
19.241723788296603 
20.038327217713963 
20.863801174095201 
21.718998385696374 
22.604780712691841 
23.522050403025624 
24.471707088738860 
25.454671823512633 
26.471895817662329 
27.524350290787471 
28.613028492992090 
29.738946544560200 
30.903143872777136 
32.106689428120930 
33.350667484839370 
34.636188110268364 
35.964381826317890 
37.336407047890731 
38.753446374558813 
40.216708909991532 
41.727429539859244 
43.286869875298081 
44.896318410374107 
46.557091047657671 
48.270531476752858 
50.038011619199288 
51.860932058829974 
53.740722488100801 
55.678842162361093 
57.676780359334870 
59.736056797323542 
61.858222130610571 
64.044858204107072 
66.297578610889531 
68.618029215307516 
71.007888780753191 
73.468869452533610 
76.002717390683216 
78.611212795908557 
81.296170197665703 
84.059439282643481 
86.902905532788424 
89.828490782647222 
92.838153758674025 
95.933890617425462 
99.117735487422806 
102.391761015957158 
105.758078921058029 
109.218840548528107 
112.776237433855968 
116.432501868807066 
120.189907472505666 
124.050769766844468 
128.017446756085690 
132.092339510547845 
136.277892754306549 
140.576595456864823 
144.990981428788018 
149.523629921324300 
154.177166230061118 
158.954262302699391 
163.857637351042541 
168.890058467323911 
174.054341245007834 
179.353350404208129 
184.790000421878119 
190.367256166923994 
196.088133540393414 
201.955700120884131 
207.973075815306004 
214.143433515123434 
220.469999758180506 
226.956055396202089 
233.604936268043588 
240.420033878735069 
247.404796084350949 
254.562727782702979 
261.897391609834528 
269.412408642256651 
277.111459104835490 
284.998283084197453 
293.076681247475392 
301.350515566158833 
309.823710044742370 
318.500251453793453 
327.384190066945337 
336.479640401212066 
345.790781959858350 
355.321859976874748 
365.077186161874806 
375.061139443942750 
385.278166712601774 
395.732783553641696 
406.429574976992853 
417.373196133171007 
428.568373013993664 
440.019903132237687 
451.732656173664111 
463.711574613264531 
475.961674285659626 
488.488044897180089 
501.295850464173554 
514.390329658341898 
527.776796035215170 
541.460638115936490 
555.447319284977198 
569.742377456846043 
584.351424453121581 
599.280145018880603 
614.534295424492711 
630.119701395064453 
646.042255312323732 
662.307912442666634 
678.922685885283386 
695.892639825215952 
713.223880508836828 
730.922544106623604 
748.994780236987594 
767.446729302232370 
786.284490764037514 
805.514077740915127 
825.141350209427742 
845.171913309710590 
865.610955851072276 
886.462980049506086 
907.731318347783031 
929.417191416787773 
951.517612572345683 
974.018211955357742 
996.861120722610053 
0.000000000000000 
0.000000000000000 
0.000000000000000 
0.000000000000000 
0.000000000000000 
0.000000000000000 
0.000000000000000 
0.000000000000000 
0.000000000000000 
0.000000000000000 
0.000000000000000 
0.000000000000000 
0.000000000000000 
0.000000000000000 
0.000000000000000 
0.000000000000000 
0.000000000000000 
0.000000000000000 
0.000000000000000 
0.000000000000000 
0.000000000000000 
0.000000000000000 
0.000000000000000 
0.000000000000000 
0.000000000000000 
0.000000000000000 
0.000000000000000 
0.000000000000000 
0.000000000000000 
0.000000000000000 
0.000000000000000 
0.000000000000000 
0.000000000000000 
0.000000000000000 
0.000000000000000 
0.000000000000000 
0.000000000000000 
0.000000000000000 
0.000000000000000 
0.000000000000000 
0.000000000000000 
0.000000000000000 
0.000000000000000 
0.000000000000000 
0.000000000000000 
0.000000000000000 
0.000000000000000 
0.000000000000000 
0.000000000000000 
0.000000000000000 
0.000000000000000 
0.000000000000000 
0.000000000000000 
0.000000000000000 
0.000000000000000 
0.000000000000000 
0.000000000000000 
0.000000000000000 
0.000000000000000 
0.000000000000000 
0.000000000000000 
0.000000000000000 
0.000000000000000 
0.000000000000000 
0.000000000000000 
0.000000000000000 
0.000000000000000 
0.000000000000000 
0.000000000000000 
0.000000000000000 
0.000000000000000 
0.000000000000000 
0.000000000000000 
0.000000000000000 
0.000000000000000 
0.000000000000000 
0.000000000000000 
0.000000000000000 
0.000000000000000 
0.000000000000000 
0.000000000000000 
0.000000000000000 
0.000000000000000 
0.000000000000000 
0.000000000000000 
0.000000000000000 
0.000000000000000 
0.000000000000000 
0.000000000000000 
0.000000000000000 
0.001683650747678 
0.009282258993331 
0.017421848816867 
0.026136268594215 
0.035461357649161 
0.045435043363026 
0.056097527081473 
0.067491577891595 
0.079662004078702 
0.092656534650333 
0.106525785412349 
0.121323668240905 
0.137107489362734 
0.153937158300993 
0.171876624866159 
0.190994117141477 
0.211658801942083 
0.236938034510149 
0.266329271214561 
0.297581817277168 
0.330800581751996 
0.366107777496578 
0.403775110129806 
0.444068011889960 
0.486846510994741 
0.532234856631186 
0.580389054846097 
0.631472447907932 
0.685834820516865 
0.745412860742553 
0.811114681480448 
0.880886822662189 
0.954772342860612 
1.033101233448095 
1.116248587685772 
1.204182807521373 
1.297221969113381 
1.395678970732273 
1.500114542368946 
1.612368729046223 
1.732287787181068 
1.858909187915090 
1.992551166920554 
2.133762391627355 
2.282638820550263 
2.439568442554802 
2.605157012930369 
2.780792366590001 
2.966920729320464 
3.162735504274442 
3.368696810676047 
3.585215866748984 
3.812679102597795 
4.051947167560490 
4.304082166811289 
4.569167580896710 
4.847094822346493 
5.138355587397569 
5.443444832466364 
5.763386255609916 
6.098838563155430 
6.449923906433213 
6.816914255308380 
7.200371022289547 
7.601102281744076 
8.019907536260032 
8.457114350834127 
8.913048771635928 
9.388390798094179 
9.883917297646525 
10.400219689083562 
10.937755903981124 
11.497168497564166 
12.079336881745348 
12.684799623772232 
13.314142435894679 
13.968115429739466 
14.647489361741520 
15.352919336732405 
16.085145456689290 
16.844975241655565 
17.633176608330146 
18.450557554036063 
19.297991380315601 
20.176260905351501 
21.086242040841750 
22.028834217818954 
23.004919792770561 
24.015438454292976 
25.061338875759045 
26.143591680191211 
27.263196841844682 
28.421174045115706 
29.618569612646532 
30.856453626445628 
32.135923590499395 
33.458112704507727 
34.824167188166150 
36.235253312723444 
37.692568691427240 
39.197335387167143 
40.750804275976918 
42.354252986721917 
44.008987529943049 
45.716341969746367 
47.477679131496302 
49.294390821864098 
51.167898292071662 
53.099652610565109 
55.091135088147148 
57.143857697825744 
59.259363507366714 
61.439227119195849 
63.685055104385029 
65.998486435033925 
68.381192932131526 
70.834879750955608 
73.361285881756089 
75.962184743908182 
78.639384533578337 
81.394728598247880 
84.230095971008438 
87.147402029903830 
90.148601615629502 
93.235682488937300 
96.410670833236424 
99.675631718917145 
103.032669418676932 
106.483927862678343 
110.031591153731014 
113.677884110797820 
117.425072827678775 
121.275465241215400 
125.231411706461614 
129.295305577577608 
133.469583793777417 
137.756727469927995 
142.159262491539209 
146.679760113973572 
151.320837565768954 
156.085158656023765 
160.975434385838923 
165.994423563855605 
171.144933425962137 
176.429820259272617 
181.851990030507608 
187.414399018922438 
193.120054453943879 
198.972015157680374 
204.973392192474194 
211.127349513658970 
217.437104627680696 
223.905929255724402 
230.537150002977455 
237.334149033642291 
244.300364751788038 
251.439292488112727 
258.754485192660752 
266.249554133514948 
273.928169601456659 
281.794061620550337 
289.851020664584553 
298.102898379252565 
306.553608309917024 
315.207126634751830 
324.067492902986942 
333.138810777912909 
342.425248784207554 
351.931041059037739 
361.660488106251989 
371.617957552812186 
381.807884906405263 
392.234774312917693 
402.903199312141567 
413.817803589687855 
424.983301722603869 
436.404479915590059 
448.086196723983107 
460.033383758762284 
472.251046367712320 
484.744264285497593 
497.518192243675344 
510.578060529555614 
523.929175480149638 
537.576919894134903 
551.526753340599271 
565.784212338074326 
580.354910370813172 
595.244537701234663 
610.458860934305676 
626.003722256849528 
641.885038260935175 
658.108798243303454 
674.681061833754029 
691.607955754141017 
708.895669438540835 
726.550449141962758 
744.578590011261440 
762.986425356828704 
781.780311993358168 
800.966609914797800 
820.551653547710771 
840.541710021086146 
860.942916524568432 
881.761182152875790 
903.002025350130452 
924.670284200967899 
946.769540714284858 
969.300550666249819 
992.255226686310039 
0.754823855222912 
0.754823855222916 
0.754823855223414 
0.754823855231490 
0.754823855287174 
0.754823855529328 
0.754823856320858 
0.754823858452958 
0.754823863448222 
0.754823873982355 
0.754823894444246 
0.754823931654194 
0.754823995760039 
0.754824101330962 
0.754824268668730 
0.754824525356164 
0.754824908062578 
0.754825464625946 
0.754826256431623 
0.754827361107323 
0.754828875554154 
0.754830919333494 
0.754833638429440 
0.754837209406657 
0.754841843983368 
0.754847794039266 
0.754855357078170 
0.754864882165180 
0.754876776358158 
0.754891511653354 
0.754909632464980 
0.754931763658628 
0.754958619158349 
0.754991011147342 
0.755029859882157 
0.755076204140416 
0.755131212322039 
0.755196194224141 
0.755272613509662 
0.755362100890075 
0.755466468042477 
0.755587722281549 
0.755728082006998 
0.755889992947279 
0.756076145220559 
0.756289491234117 
0.756533264443654 
0.756810998994217 
0.757126550264874 
0.757484116339530 
0.757888260426839 
0.758343934252545 
0.758856502448184 
0.759431767960701 
0.760075998508171 
0.760795954107634 
0.761598915701841 
0.762492714912670 
0.763485764949993 
0.764587092705866 
0.765806372065122 
0.767153958464826 
0.768640924736370 
0.770279098265563 
0.772081099507679 
0.774060381896102 
0.776231273185019 
0.778609018268466 
0.781209823519931 
0.784050902698703 
0.787150524471071 
0.790528061596463 
0.794204041830468 
0.798200200598464 
0.802540156907207 
0.807254954299599 
0.812363588703798 
0.817893232848962 
0.823872561019587 
0.830331813592575 
0.837302863746981 
0.844819286402718 
0.852916429442276 
0.861654047760584 
0.871061371822879 
0.881169456743582 
0.892021661753157 
0.903663518881177 
0.916152016592809 
0.929549355248602 
0.943888860548018 
0.959225742771187 
0.975632740511996 
0.993208231587263 
1.011967215380369 
1.031976242899098 
1.053354984720087 
1.076136782691314 
1.100390308627743 
1.126245498038352 
1.153739446077880 
1.182984728803823 
1.214089130189008 
1.247110556717828 
1.282211555445123 
1.319429624218585 
1.358954278024761 
1.400826304573924 
1.445275981783781 
1.492325837565958 
1.542310449465534 
1.595208922385977 
1.651302832710985 
1.710619359895176 
1.773290287182725 
1.839524219626420 
1.909420583951121 
1.983178167399539 
2.061046292511109 
2.143160862549892 
2.229736473290328 
2.321027317759849 
2.417153375616582 
2.518335408711546 
2.624828693643539 
2.737007808983434 
2.855003712563978 
2.979034433292953 
3.109323452346859 
3.246192008735638 
3.389909891966041 
3.540729557543380 
3.698957907573344 
3.864912772547624 
4.038907855587535 
4.221312160549304 
4.412437265986980 
4.612556833023930 
4.822021937784867 
5.041202208736756 
5.270479980301228 
5.510253193989860 
5.760936097883798 
6.022942471632393 
6.296670952113450 
6.582515527747843 
6.880900885677701 
7.192288892829208 
7.517160186616088 
7.855989175956903 
8.209245555222848 
8.577416217500705 
8.961016920482681 
9.360587870788633 
9.776680636251946 
10.209843751990492 
10.660626639510077 
11.129605090777666 
11.617385744440295 
12.124587219143709 
12.651828465837722 
13.199739883413240 
13.768982635754348 
14.360246338877653 
14.974203646085126 
15.611546245528395 
16.273001569465244 
16.959318080940193 
17.671263400067325 
18.409590691605406 
19.175092600409350 
19.968576312596873 
20.790869708616565 
21.642826946993935 
22.525303367488988 
23.439188001117174 
24.385388645451343 
25.364827129718378 
26.378451277693436 
27.427230241141309 
28.512154638584725 
29.634238066563974 
30.794516871471004 
31.994052564333803 
33.233928895437003 
34.515253422073407 
35.839158585655085 
37.206800544880849 
38.619359432061628 
40.078040896361848 
41.584076400750249 
43.138723888918008 
44.743268131590696 
46.399021206430845 
48.107322902572704 
49.869541161724854 
51.687072508223459 
53.561342490944327 
55.493806129404760 
57.485948367106218 
59.539284521186524 
61.655360745130935 
63.835754455090147 
66.082074783210032 
68.395963052612416 
70.779093299387029 
73.233172785309648 
75.759942523630627 
78.361177701649751 
81.038688069382360 
83.794318442651502 
86.629949319813107 
89.547497337451034 
92.548916056831928 
95.636196076498607 
98.811365670884427 
102.076491468529383 
105.433679046280332 
108.885073496609536 
112.432859990596285 
116.079264343207598 
119.826553582814981 
123.677036525416611 
127.633064353569978 
131.697031199905382 
135.871374735064848 
140.158576759930042 
144.561163802030109 
149.081707716057394 
153.722826288453831 
158.487183846066216 
163.377491868901842 
168.396509607043129 
173.547044701810421 
178.831953811278765 
184.254143240275738 
189.816569574997374 
195.522240322390559 
201.374214554450248 
207.375603557580632 
213.529571487166834 
219.839336027492777 
226.308169057130442 
232.939397319913695 
239.736403101591122 
246.702624912235621 
253.841558174467139 
261.156755917523469 
268.651829477189153 
276.330449201564193 
284.196345162627665 
292.253307873514530 
300.505189011385028 
308.955902145721552 
317.609423471836749 
326.469792549305907 
335.541113044965243 
344.827553480018764 
354.333347980682390 
364.062797031650177 
374.020268231490206 
384.210197048865325 
394.637087578198930 
405.305513293082015 
416.220117795307999 
427.385615556920186 
438.806792652034574 
450.488507474440894 
462.435691436042987 
474.653349640028352 
487.146561521230183 
499.920481444351822 
512.980339248521659 
526.331440723878700 
539.979168002450933 
553.928979841250680 
568.186411770061568 
582.757076069612481 
597.646661537881641 
612.860933000625550 
628.405730476466374 
644.286967910385329 
660.510631361388960 
677.082776488731724 
694.009525127809752 
711.297060671232089 
728.951621860289606 
746.979494427060786 
765.386999773997900 
784.180479476776327 
803.366273739452481 
822.950690812923995 
842.939962396760166 
863.340176307039883 
884.157170221501701 
905.396354172068641 
927.062390730627612 
949.158549718716586 
971.684872041649896 
994.630927850191256 
0.000000000000000 
0.000000000000000 
0.000000000000000 
0.000000000000000 
0.000000000000000 
0.000000000000000 
0.000000000000000 
0.000000000000000 
0.000000000000000 
0.000000000000000 
0.000000000000000 
0.000000000000000 
0.000000000000000 
0.000000000000000 
0.000000000000000 
0.000000000000000 
0.000000000000000 
0.000000000000000 
0.000000000000000 
0.000000000000000 
0.000000000000000 
0.000000000000000 
0.000000000000000 
0.000000000000000 
0.000000000000000 
0.000000000000000 
0.000000000000000 
0.000000000000000 
0.000000000000000 
0.000000000000000 
0.000000000000000 
0.000000000000000 
0.000000000000000 
0.000000000000000 
0.000000000000000 
0.000000000000000 
0.000000000000000 
0.000000000000000 
0.000000000000000 
0.000000000000000 
0.000000000000000 
0.000000000000000 
0.000000000000000 
0.000000000000000 
0.000000000000000 
0.000000000000000 
0.000000000000000 
0.000000000000000 
0.000000000000000 
0.000000000000000 
0.000000000000000 
0.000000000000000 
0.000000000000000 
0.000000000000000 
0.000000000000000 
0.000000000000000 
0.000000000000000 
0.000000000000000 
0.000000000000000 
0.000000000000000 
0.000000000000000 
0.000000000000000 
0.000000000000000 
0.000000000000000 
0.000000000000000 
0.000000000000000 
0.000000000000000 
0.000000000000000 
0.000000000000000 
0.000000000000000 
0.000000000000000 
0.000000000000000 
0.000000000000000 
0.000000000000000 
0.000000000000000 
0.000000000000000 
0.000000000000000 
0.000000000000000 
0.000000000000000 
0.000000000000000 
0.000000000000000 
0.000000000000000 
0.000000000000000 
0.000000000000000 
0.000000000000000 
0.000000000000000 
0.000000000000000 
0.000000000000000 
0.000000000000000 
0.000000000000000 
0.000000000000000 
0.000000000000000 
0.000000000000000 
0.000000000000000 
0.000000000000000 
0.003691794702266 
0.013583318393211 
0.024199896218590 
0.035592631289467 
0.047817151684962 
0.060932002016166 
0.075000554554569 
0.090091217677011 
0.106279159019069 
0.123642036684845 
0.142265251905488 
0.162242396668344 
0.184021152375256 
0.208296541839320 
0.234436819721043 
0.262486699052043 
0.292589801042392 
0.326169054815998 
0.366622720315284 
0.410141789888995 
0.456619695918145 
0.506244449551231 
0.559227413217215 
0.616423073167494 
0.677966450084444 
0.743699928402848 
0.814302119988132 
0.889710449316238 
0.970004644299532 
1.056673437317918 
1.150605577311657 
1.250677006532109 
1.357517872603983 
1.471008406938256 
1.591645655734178 
1.719665992516459 
1.855307589971088 
1.998821023369600 
2.151394191638609 
2.313344819169942 
2.484528122350740 
2.665266558870699 
2.855797046605657 
3.056394425016478 
3.267452144907805 
3.490024534300139 
3.724106022795646 
3.969911822668331 
4.227768137323326 
4.498187825370866 
4.781635504504149 
5.078599180752091 
5.389362530465584 
5.714315217782842 
6.054082274144601 
6.409076454394137 
6.779735588991544 
7.166511167579053 
7.569936078924252 
7.990536763592660 
8.428913581176424 
8.885518856852240 
9.360917069851645 
9.855703056934097 
10.370459466543409 
10.905782793724777 
11.462308773750909 
12.040692817759266 
12.641615118529778 
13.265714033290989 
13.913692263058643 
14.586262547197721 
15.284147968133752 
16.008101277713791 
16.758890349003831 
17.537302671030247 
18.344146461922744 
19.180250049610773 
20.046476962824674 
20.943692035703609 
21.872778817785537 
22.834648905466516 
23.830232513824697 
24.860485437456191 
25.926384875278693 
27.028932078165433 
28.169150749446189 
29.348088280782328 
30.566815939107173 
31.826429249545008 
33.128048251154695 
34.472817897235785 
35.861908436409990 
37.296515876386742 
38.777862356132964 
40.307196571276393 
41.885799531747637 
43.514971321408510 
45.196040186123454 
46.930364464096350 
48.719330989742154 
50.564355828802277 
52.466884713201232 
54.428393422826389 
56.450388197734341 
58.534406107680894 
60.682015313697377 
62.894815676367145 
65.174439232095835 
67.522550753975423 
69.940848276905868 
72.431063592733437 
74.994962733923288 
77.634346464452804 
80.351050786209569 
83.146947462194106 
86.023944551646792 
88.983986949753358 
92.029056929761154 
95.161174687549391 
98.382398889102220 
101.694827221266223 
105.100596946050743 
108.601885458635735 
112.200910849194571 
115.899932468608725 
119.701251498139655 
123.607211523122658 
127.620199110755237 
131.742644392061266 
135.977021648125032 
140.325849900696028 
144.791693507275141 
149.377162760793368 
154.084914493993608 
158.917652688622525 
163.878129089525657 
168.969143823724750 
174.193546024539586 
179.554234460783562 
185.054158171039205 
190.696317102977730 
196.483762757647980 
202.419598838610369 
208.506981913350558 
214.749122059051615 
221.149283501282554 
227.710785333061438 
234.437002158001889 
241.331364761520433 
248.397360783600732 
255.638535392048368 
263.058491954978194 
270.660892711010092 
278.449459434640403 
286.427974090902921 
294.600279500471004 
302.970279972966523 
311.541941920752720 
320.319294464181212 
329.306430005565858 
338.507504769562104 
347.926739301814450 
357.568418916138057 
367.436894078634737 
377.536580714904517 
387.871960423884502 
398.447580578707232 
409.268054291247836 
420.338060212595337 
431.662342136394784 
443.245708365654536 
455.093030795987943 
467.209243659006916 
479.599341858317644 
492.268378816734753 
505.221463736165333 
518.463758150156195 
532.000471621927318 
545.836856405953995 
559.978200846055302 
574.429821222793407 
589.197051674305840 
604.285231749295576 
619.699691024067192 
635.445729681185185 
651.528594361876003 
667.953447537297166 
684.725328358646721 
701.849102016440156 
719.329393308172712 
737.170498043383532 
755.376262603831378 
773.949916510765775 
792.893833498386812 
812.209179907471821 
831.895377968542562 
851.949249603129147 
872.363574977677672 
893.124497719813689 
914.206440990629631 
935.561000117917274 
957.089002800373692 
978.557432169769072 
999.359335299631311 
0.627027200217956 
0.627027200217959 
0.627027200218471 
0.627027200226797 
0.627027200284199 
0.627027200533832 
0.627027201349801 
0.627027203547731 
0.627027208697227 
0.627027219556612 
0.627027240650282 
0.627027279009123 
0.627027345094297 
0.627027453924819 
0.627027626429298 
0.627027891042201 
0.627028285565037 
0.627028859312837 
0.627029675566291 
0.627030814349961 
0.627032375556910 
0.627034482440142 
0.627037285491270 
0.627040966726755 
0.627045744402128 
0.627051878174619 
0.627059674734560 
0.627069493926018 
0.627081755377057 
0.627096945660117 
0.627115626002953 
0.627138440570659 
0.627166125339280 
0.627199517581654 
0.627239565986027 
0.627287341428236 
0.627344048418154 
0.627411037241309 
0.627489816816632 
0.627582068291479 
0.627689659395134 
0.627814659572300 
0.627959355918206 
0.628126269937248 
0.628318175147369 
0.628538115552715 
0.628789425007455 
0.629075747494151 
0.629401058340512 
0.629769686398939 
0.630186337213940 
0.630656117203144 
0.631184558878545 
0.631777647135388 
0.632441846637201 
0.633184130326532 
0.634012009092123 
0.634933562624673 
0.635957471494648 
0.637093050487246 
0.638350283231264 
0.639739858160316 
0.641273205846883 
0.642962537751446 
0.644820886431182 
0.646862147254655 
0.649101121671154 
0.651553562085357 
0.654236218390155 
0.657166886212314 
0.660368469214850 
0.663860929231794 
0.667662258249560 
0.671795000714362 
0.676283018029638 
0.681151548348279 
0.686427268487740 
0.692138358025284 
0.698314565627778 
0.704991112689917 
0.712216424831512 
0.720007905796678 
0.728402383773178 
0.737438625689795 
0.747157417757332 
0.757622335358634 
0.768875409161163 
0.780948659425982 
0.793891881109083 
0.807770465745318 
0.822647615876055 
0.838561274473788 
0.855571709882701 
0.873792620375740 
0.893242751060112 
0.913995074525820 
0.936159848910777 
0.959773549609777 
0.984969069787227 
1.011829523216477 
1.040428664481987 
1.070977050205533 
1.103423019552170 
1.137938748077824 
1.174559678311891 
1.213488496282337 
1.254765753493660 
1.298584311191335 
1.345010484091743 
1.394178414640129 
1.446276589451202 
1.501391375176813 
1.559749667924058 
1.621456442047139 
1.686647563216592 
1.755549716883700 
1.828297139754635 
1.905054777268881 
1.986039243613066 
2.071495057287736 
2.161579120156766 
2.256491155283598 
2.356432959620571 
2.461676894718715 
2.572406007684297 
2.688851049534611 
2.811252744760078 
2.939867091912814 
3.075004203685459 
3.216890388161989 
3.365816637863899 
3.522070370859865 
3.685941643680816 
3.857731477966674 
4.037752288144246 
4.226337089172059 
4.423817906714676 
4.630522477974313 
4.846813013683055 
5.073047471556754 
5.309594782053140 
5.556838699965780 
5.815176642681114 
6.085018749889508 
6.366783655954167 
6.660898763865339 
6.967802200551326 
7.287947752795036 
7.621805427909979 
7.969840756247194 
8.332532514108422 
8.710382209781827 
9.103905592671387 
9.513631342223626 
9.940100613759157 
10.383866757032955 
10.845499109322608 
11.325581916208030 
11.824713310570072 
12.343506668845439 
12.882591448061973 
13.442612656580756 
14.024230559010647 
14.628120603583556 
15.254975219567644 
15.905504317198680 
16.580434510928267 
17.280509944316382 
18.006492993437480 
18.759164478776771 
19.539323859485229 
20.347789846219946 
21.185400781132547 
22.053014392615225 
22.951507731934264 
23.881778285168558 
24.844744813754687 
25.841347281738017 
26.872547328865380 
27.939328233323163 
29.042695624506429 
30.183678021680713 
31.363326993726503 
32.582717589674665 
33.842948603782212 
35.145143133794100 
36.490448987160249 
37.880039138059708 
39.315112086533574 
40.796892301744016 
42.326630641357539 
43.905604655473880 
45.535118807828141 
47.216505139985067 
48.951123738342297 
50.740363293428288 
52.585641511587994 
54.488405527299875 
56.450132313117209 
58.472329065314611 
60.556533617111036 
62.704314963999281 
64.917273761197677 
67.197042906641883 
69.545288031733833 
71.963707980523083 
74.454035287063107 
77.018036666075034 
79.657513520386630 
82.374302462437612 
85.170275848044270 
88.047342311657971 
91.007447303329059 
94.052573628330180 
97.184741990034226 
100.406011536382806 
103.718480410133367 
107.124286302990242 
110.625607013683705 
114.224661010041075 
117.923707995088847 
121.725049477229391 
125.631029344543364 
129.644034443280873 
133.766495160614994 
138.000886011742722 
142.349726231424086 
146.815580370058427 
151.401058894393771 
156.108818792966872 
160.941564186361489 
165.902046942362489 
170.993067296065817 
176.217474474989501 
181.578167329194684 
187.078094966406780 
192.720257392081294 
198.507706154322904 
204.443544993514365 
210.530930496241979 
216.773072753208197 
223.173236022057381 
229.734739393830296 
236.460957460504346 
243.355320985539095 
250.421317575662272 
257.662492352818902 
265.082448624986569 
272.684848554316773 
280.473413820845394 
288.451926280371822 
296.624228612355807 
304.994224951375713 
313.565881503051116 
322.343227139422197 
331.330353965469783 
340.531417850716423 
349.950638917554897 
359.592301976331044 
369.460756895292320 
379.560418891238612 
389.895768724022844 
400.471352774844149 
411.291782984483348 
422.361736623096760 
433.685955857781664 
445.269247077636692 
457.116479928227932 
469.232585997893182 
481.622557086754910 
494.291442975084351 
507.244348589985123 
520.486430447222915 
534.022892216930472 
547.858979225915505 
561.999971662551047 
576.451176188871500 
591.217915583428635 
606.305515929220405 
621.719290672700708 
637.464520710800684 
653.546429425052224 
669.970151014118301 
686.740689942595509 
703.862868373173569 
721.341257028392420 
739.180082707492488 
757.383102112147526 
775.953425701106994 
794.893265061771103 
814.203558863224998 
833.883397558669685 
853.929096814622426 
874.332617880052908 
895.078674507463120 
916.138918206700623 
937.458690641360363 
958.920907239785492 
980.215020689638436 
1000.000000000000000 
0.000000000000000 
0.000000000000000 
0.000000000000000 
0.000000000000000 
0.000000000000000 
0.000000000000000 
0.000000000000000 
0.000000000000000 
0.000000000000000 
0.000000000000000 
0.000000000000000 
0.000000000000000 
0.000000000000000 
0.000000000000000 
0.000000000000000 
0.000000000000000 
0.000000000000000 
0.000000000000000 
0.000000000000000 
0.000000000000000 
0.000000000000000 
0.000000000000000 
0.000000000000000 
0.000000000000000 
0.000000000000000 
0.000000000000000 
0.000000000000000 
0.000000000000000 
0.000000000000000 
0.000000000000000 
0.000000000000000 
0.000000000000000 
0.000000000000000 
0.000000000000000 
0.000000000000000 
0.000000000000000 
0.000000000000000 
0.000000000000000 
0.000000000000000 
0.000000000000000 
0.000000000000000 
0.000000000000000 
0.000000000000000 
0.000000000000000 
0.000000000000000 
0.000000000000000 
0.000000000000000 
0.000000000000000 
0.000000000000000 
0.000000000000000 
0.000000000000000 
0.000000000000000 
0.000000000000000 
0.000000000000000 
0.000000000000000 
0.000000000000000 
0.000000000000000 
0.000000000000000 
0.000000000000000 
0.000000000000000 
0.000000000000000 
0.000000000000000 
0.000000000000000 
0.000000000000000 
0.000000000000000 
0.000000000000000 
0.000000000000000 
0.000000000000000 
0.000000000000000 
0.000000000000000 
0.000000000000000 
0.000000000000000 
0.000000000000000 
0.000000000000000 
0.000000000000000 
0.000000000000000 
0.000000000000000 
0.000000000000000 
0.000000000000000 
0.000000000000000 
0.000000000000000 
0.000000000000000 
0.000000000000000 
0.000000000000000 
0.000000000000000 
0.000000000000000 
0.000000000000000 
0.000000000000000 
0.000000000000000 
0.000000000000000 
0.000000000000000 
0.000000000000000 
0.000000000000000 
0.000000000000000 
0.000000000000000 
0.000000000000000 
0.002282263968689 
0.012711849317647 
0.023896790989763 
0.035889073399719 
0.048744951377286 
0.062525047094735 
0.077294925001961 
0.093123641236611 
0.110086159826720 
0.128264485226781 
0.147744910345612 
0.168620118688432 
0.190992808913986 
0.216193361817389 
0.243429234625750 
0.272635072276448 
0.303943499260868 
0.337890827960232 
0.378223139614283 
0.423463189891058 
0.471714968483251 
0.523198246475783 
0.578102806315546 
0.636918582906669 
0.700420366919254 
0.768331926627523 
0.841005888030887 
0.918851849421164 
1.001827930728961 
1.090188568689601 
1.186149787541207 
1.289278695139072 
1.399019351259216 
1.515934618100413 
1.640068185396410 
1.771728124774299 
1.911362992057655 
2.059203277142123 
2.215426141916279 
2.381439230696565 
2.557555386697956 
2.743431082101517 
2.939345526188288 
3.145812831822873 
3.363042236645631 
3.591445379958758 
3.831888647766193 
4.084884521707524 
4.350270215161856 
4.628464162615813 
4.919901431941574 
5.225262655847506 
5.545059342390939 
5.879574661309094 
6.229151255533811 
6.594292553478255 
6.975688243227768 
7.373805882803603 
7.789009051141806 
8.221828642799174 
8.672873508664152 
9.142708428085683 
9.631875958786939 
10.141019862156416 
10.670694792919376 
11.221516581554067 
11.794130681451035 
12.389191876769141 
13.007363740052647 
13.649340081854088 
14.315835714744310 
15.007619284194117 
15.725385046581005 
16.469906151405795 
17.241971695809671 
18.042370733051207 
18.871931182091433 
19.731492994734417 
20.621917965450191 
21.544090848660304 
22.498916023987050 
23.487321123489952 
24.510264401734780 
25.568721768234646 
26.663675214740461 
27.796144040521867 
28.967163121673927 
30.177797105748230 
31.429132507304544 
32.722282151185382 
34.058382395000230 
35.438595116632527 
36.864107597037894 
38.336133368691094 
39.855912414373620 
41.424711638390626 
43.043825236664723 
44.714575105872477 
46.438311253551660 
48.216412216923956 
50.050285494233854 
51.941367989569635 
53.891126478370310 
55.901063090690492 
57.972702180595263 
60.107601168178682 
62.307350305702158 
64.573571418419817 
66.907918894648049 
69.312080308227621 
71.787776940713428 
74.336764192186251 
76.960831982620604 
79.661805246158536 
82.441544406170863 
85.301945916919152 
88.244942816831880 
91.272505279601603 
94.386641163809756 
97.589396563375402 
100.882856360384139 
104.269144781137882 
107.750425955835027 
111.328904482064800 
115.006825992182115 
118.786477724577651 
122.670189098836289 
126.660332294779465 
130.759322835399473 
134.969620173715526 
139.293728283603144 
143.734196254675368 
148.293618891315020 
152.974637315978043 
157.779939576905718 
162.712261260392324 
167.774386107765309 
172.969146637237372 
178.299424770784924 
183.768152466207653 
189.378312354507756 
195.132938382721761 
201.035116462316296 
207.087985123245147 
213.294736173743900 
219.658615365916148 
226.182923067142127 
232.871014937313618 
239.726302611869812 
246.752254390580447 
253.952395931979623 
261.330310953319326 
268.889641935857355 
276.634090835238680 
284.567419796658442 
292.693451874407970 
301.016071755301937 
309.539226485353879 
318.266926198906333 
327.203244849226508 
336.352320939328933 
345.718358251480993 
355.305626573476559 
365.118462419288846 
375.161269741135868 
385.438520629281925 
395.954755995010316 
406.714586231110047 
417.722691842865856 
428.983824040872321 
440.502805284907311 
452.284529765529555 
464.333963806851557 
476.656146169921442 
489.256188231115175 
502.139274003573178 
515.310659961642045 
528.775674617938648 
542.539717789290535 
556.608259470341409 
570.986838210368205 
585.681058795716808 
600.696586745826608 
616.039151058333118 
631.714532533337206 
647.728558415330099 
664.087092802305619 
680.796023846604612 
697.861246553800243 
715.288639415941702 
733.084032219525852 
751.253160908994118 
769.801602929521778 
788.734682181643620 
808.057324900223080 
827.773832794837745 
847.887509379871062 
868.400009196751967 
889.310122678585344 
910.611297261980894 
932.285971605369468 
954.290617152939376 
976.497266707425297 
998.377878708103253 
0.653339633728503 
0.653339633728506 
0.653339633729011 
0.653339633737193 
0.653339633793606 
0.653339634038944 
0.653339634840875 
0.653339637000983 
0.653339642061878 
0.653339652734411 
0.653339673465138 
0.653339711163959 
0.653339776112045 
0.653339883069989 
0.653340052606289 
0.653340312666160 
0.653340700400687 
0.653341264276359 
0.653342066485044 
0.653343185674369 
0.653344720018600 
0.653346790650009 
0.653349545470799 
0.653353163365597 
0.653357858834572 
0.653363887067229 
0.653371549476927 
0.653381199716203 
0.653393250192983 
0.653408179107757 
0.653426538031894 
0.653448960047177 
0.653476168466820 
0.653508986158139 
0.653548345487191 
0.653595298905728 
0.653651030200868 
0.653716866428042 
0.653794290547804 
0.653884954787314 
0.653990694747363 
0.654113544276102 
0.654255751130738 
0.654419793448816 
0.654608397050918 
0.654824553596993 
0.655071539618871 
0.655352936452038 
0.655672651090150 
0.656034937986398 
0.656444421826469 
0.656906121298565 
0.657425473886777 
0.658008361714961 
0.658661383483816 
0.659394243213807 
0.660211609505319 
0.661121458840032 
0.662132360799791 
0.663253510949457 
0.664494764992754 
0.665866674238661 
0.667380522417647 
0.669048363889092 
0.670883063283153 
0.672898336622506 
0.675108793971439 
0.677529983662034 
0.680178438149128 
0.683071721547990 
0.686228478910454 
0.689668487297009 
0.693412708703944 
0.697483344905648 
0.701903894273015 
0.706705261809052 
0.711912401399833 
0.717549188947746 
0.723644972995202 
0.730230716800628 
0.737339068276133 
0.745004432285402 
0.753267925244720 
0.762184027935371 
0.771773578723915 
0.782078895230348 
0.793144454991179 
0.805027589708883 
0.817803207163704 
0.831488969847558 
0.846138956077127 
0.861830253096961 
0.878636507415640 
0.896588627279748 
0.915760573172923 
0.936251856791484 
0.958096744752003 
0.981391711106627 
1.006227150379869 
1.032653717825218 
1.060835796044721 
1.090793883777217 
1.122734263089257 
1.156697808317702 
1.192814457272459 
1.231166193515581 
1.271874688661391 
1.315024042979333 
1.360817657851048 
1.409299459408300 
1.460694181938571 
1.515075693417566 
1.572608196685812 
1.633477334728970 
1.697777465205591 
1.765702015293336 
1.837461818442975 
1.913199000071953 
1.993113057824209 
2.077441031079815 
2.166298870732184 
2.259911302943538 
2.358520884676479 
2.462420939029147 
2.571751464791300 
2.686738086414373 
2.807615687114505 
2.934638016695566 
3.068114568522021 
3.208267047717738 
3.355379781523681 
3.509739339157671 
3.671647460068271 
3.841427843982350 
4.019378636474344 
4.205821731925763 
4.401057110170473 
4.605433288060542 
4.819304718664619 
5.043038079512053 
5.277011698040605 
5.521610123484190 
5.777221991174777 
6.044247029007687 
6.323107979532548 
6.614239489918408 
6.918082792390166 
7.235062763129073 
7.565637680865185 
7.910283219651099 
8.269490369980428 
8.643761690176760 
9.033607696219038 
9.439551980676592 
9.862136197276108 
10.301917172819907 
10.759463575354575 
11.235357601335034 
11.730196483020043 
12.244591410594019 
12.779168405672957 
13.334570147686094 
13.911455157126934 
14.510498004238791 
15.132390601211309 
15.777842069591006 
16.447578291190663 
17.142340972771287 
17.862887060950204 
18.609995172212653 
19.384460675092122 
20.187096590687677 
21.018737333326360 
21.880236007504571 
22.772465694474938 
23.696320301295781 
24.652713426569505 
25.642580631473539 
26.666879657752894 
27.726588853405417 
28.822706455137880 
29.956255553440279 
31.128281356753007 
32.339853546686200 
33.592063989436276 
34.886028798539762 
36.222888174663723 
37.603807926861343 
39.029979033443482 
40.502618433913540 
42.022969223891295 
43.592301177137024 
45.211911115883041 
46.883123359892643 
48.607290152831794 
50.385792111100301 
52.220038682703922 
54.111468629228270 
56.061550544755825 
58.071783320879874 
60.143695845526452 
62.278848095239013 
64.478831074277394 
66.745267887946795 
69.079814258638152 
71.484159021258066 
73.960024542596003 
76.509167142159825 
79.133377577076430 
81.834481517896918 
84.614340109663232 
87.474850524645532 
90.417946507240345 
93.445598917260639 
96.559816274795665 
99.762645308086064 
103.056171505053129 
106.442519668753221 
109.923854476853492 
113.502381045145967 
117.180345495083799 
120.960035525312406 
124.843780987174128 
128.833954464179413 
132.932971855457282 
137.143292963218101 
141.467422084286483 
145.907908605783916 
150.467347605056375 
155.148380453964762 
159.953695427663632 
164.886028318005629 
169.948163051713209 
175.142932313462154 
180.473218174016239 
185.941952723548184 
191.552118710273191 
197.306750184509553 
203.208933148264919 
209.261806210432354 
215.468561247660119 
221.832444070940255 
228.356755097936230 
235.044850031046280 
241.900140541170288 
248.926094957117868 
256.126238960554929 
263.504156286349769 
271.063489428123205 
278.807940348751345 
286.741271195493880 
294.867305019333685 
303.189926497999181 
311.713082662013733 
320.440783622938511 
329.377103302776618 
338.526180163246465 
347.892217933309666 
357.479486332959141 
367.292321790771155 
377.335128152134700 
387.612377374326002 
398.128610203678477 
408.888436828961346 
419.896537503683419 
431.157663128297827 
442.676635781131438 
454.458349184188023 
466.507769086644089 
478.829933544682717 
491.429953071081115 
504.313010621335593 
517.484361374701166 
530.949332257714104 
544.713321143776284 
558.781795644035356 
573.160291380151193 
587.854409596228834 
602.869813988202395 
618.212226674905878 
633.887422062845076 
649.901219437876193 
666.259472915881133 
682.968058020519038 
700.032853612837016 
717.459717284003091 
735.254451348707676 
753.422754979688307 
771.970155314776662 
790.901905593456718 
810.222829583184534 
829.937074478280238 
850.047699167833116 
870.555946132030840 
891.459852830184445 
912.751328835416189 
934.409126120914607 
956.378437342428015 
978.493980585635427 
1000.000000000000000 
0.000000000000000 
0.000000000000000 
0.000000000000000 
0.000000000000000 
0.000000000000000 
0.000000000000000 
0.000000000000000 
0.000000000000000 
0.000000000000000 
0.000000000000000 
0.000000000000000 
0.000000000000000 
0.000000000000000 
0.000000000000000 
0.000000000000000 
0.000000000000000 
0.000000000000000 
0.000000000000000 
0.000000000000000 
0.000000000000000 
0.000000000000000 
0.000000000000000 
0.000000000000000 
0.000000000000000 
0.000000000000000 
0.000000000000000 
0.000000000000000 
0.000000000000000 
0.000000000000000 
0.000000000000000 
0.000000000000000 
0.000000000000000 
0.000000000000000 
0.000000000000000 
0.000000000000000 
0.000000000000000 
0.000000000000000 
0.000000000000000 
0.000000000000000 
0.000000000000000 
0.000000000000000 
0.000000000000000 
0.000000000000000 
0.000000000000000 
0.000000000000000 
0.000000000000000 
0.000000000000000 
0.000000000000000 
0.000000000000000 
0.000000000000000 
0.000000000000000 
0.000000000000000 
0.000000000000000 
0.000000000000000 
0.000000000000000 
0.000000000000000 
0.000000000000000 
0.000000000000000 
0.000000000000000 
0.000000000000000 
0.000000000000000 
0.000000000000000 
0.000000000000000 
0.000000000000000 
0.000000000000000 
0.000000000000000 
0.000000000000000 
0.000000000000000 
0.000000000000000 
0.000000000000000 
0.000000000000000 
0.000000000000000 
0.000000000000000 
0.000000000000000 
0.000000000000000 
0.000000000000000 
0.000000000000000 
0.000000000000000 
0.000000000000000 
0.000000000000000 
0.000000000000000 
0.000000000000000 
0.000000000000000 
0.000000000000000 
0.000000000000000 
0.000000000000000 
0.000000000000000 
0.000000000000000 
0.000000000000000 
0.000000000000000 
0.000000000000000 
0.000000000000000 
0.000000000000000 
0.000000000000000 
0.000000000000000 
0.000000000000000 
0.000000000000000 
0.002982920841767 
0.014019974707385 
0.025847276648007 
0.038520537139045 
0.052097030400616 
0.066639052885318 
0.082213641422257 
0.098894178731933 
0.116757019060139 
0.135885077976534 
0.156369027116722 
0.178304397421982 
0.201794293209375 
0.228100119829997 
0.256656618510564 
0.287254647482373 
0.320036519163491 
0.355313352032226 
0.396731926063467 
0.444020403950188 
0.494433281364324 
0.548174231997186 
0.605459293855347 
0.666607938098463 
0.732665369582067 
0.803364328640014 
0.878858179755648 
0.959770326299390 
1.046015491956284 
1.137780124014300 
1.236539799744146 
1.343562633122987 
1.457319174313571 
1.578428766511067 
1.707057268792143 
1.843550942595725 
1.988050521058785 
2.141211214425504 
2.303050339454368 
2.474247335676038 
2.656273549523566 
2.848620989829883 
3.051317661308896 
3.264735026908904 
3.489398619125143 
3.725615884965390 
3.973892233755139 
4.235074521181225 
4.509433914339529 
4.796975042947489 
5.098151395973644 
5.413483681622814 
5.743623582443877 
6.089177455827008 
6.450320508038857 
6.827445846916364 
7.221130729791616 
7.631987469307925 
8.060701725615626 
8.507525325590322 
8.973037424201427 
9.457877615850148 
9.962660359806708 
10.487912604982924 
11.034299253323629 
11.602506436277121 
12.193112173349288 
12.806779066638029 
13.444228414728208 
14.106147939969029 
14.793245452857153 
15.506280534770859 
16.246007566502719 
17.013246106790252 
17.808766747871836 
18.633381647463455 
19.487943027499380 
20.373295062639915 
21.290321090752407 
22.239922530031965 
23.223021212036862 
24.240562473002797 
25.293509414213275 
26.382851150136695 
27.509598145609928 
28.674791905126533 
29.879500344519673 
31.124791784069792 
32.411781178572973 
33.741595770416282 
35.115393080804871 
36.534351602527607 
37.999679143718687 
39.512608552381778 
41.074400490970852 
42.686342582778302 
44.349750335013304 
46.065967292997158 
47.836365529535513 
49.662346022025105 
51.545339082273159 
53.486804782847948 
55.488233398415147 
57.551145857488052 
59.677094180019836 
61.867661941865506 
64.124464668826803 
66.449150268756057 
68.843401078706975 
71.308932885295548 
73.847491358317455 
76.460858608435601 
79.150851952084565 
81.919323833729635 
84.768162516423615 
87.699292689275893 
90.714676032468134 
93.816311765131758 
97.006237189686971 
100.286528238606763 
103.659300025806161 
107.126707403255466 
110.690945522808221 
114.354250403033859 
118.118899500802499 
121.987212287382562 
125.961550828845887 
130.044320370615111 
134.237969926029763 
138.544992868849988 
142.967927529657914 
147.509357796157587 
152.171913717409012 
156.958272112068812 
161.871157180736844 
166.913341122534348 
172.087644756060627 
177.396938144884530 
182.844141227742966 
188.432224453615703 
194.164209421849108 
200.043169527492665 
206.072230612004660 
212.254571619468834 
218.593425258447155 
225.092078669576239 
231.753874098995084 
238.582209577667641 
245.580539606640826 
252.752375848252086 
260.101287823274845 
267.630903613957287 
275.344910572880735 
283.247056037517723 
291.341148050339257 
299.631056084255420 
308.120711773123560 
316.814109646976419 
325.715307871538471 
334.828428991484259 
344.157660676756677 
353.707256471094638 
363.481536541715172 
373.484888428829152 
383.721767793359390 
394.196699160830235 
404.914276658914332 
415.879164745514629 
427.096098923532054 
438.569886437528908 
450.305406946389951 
462.307613164667259 
474.581531463567785 
487.132262420395364 
499.964981302586637 
513.084938469151666 
526.497459668153283 
540.207946203613574 
554.221874938593942 
568.544798092784276 
583.182342782526575 
598.140210238261375 
613.424174652149759 
629.040081459370072 
644.993844958554519 
661.291445088463433 
677.938923100852207 
694.942375781468627 
712.307947738399662 
730.041821077677923 
748.150201481286558 
766.639299224439242 
785.515302894922229 
804.784342279699331 
824.452434619767359 
844.525404295232647 
865.008758011303826 
885.907481083894822 
907.225683584830108 
928.965932913168217 
951.127825656662935 
973.703436602678721 
996.658167001387142 
0.680917582377187 
0.680917582377192 
0.680917582377693 
0.680917582385812 
0.680917582441796 
0.680917582685264 
0.680917583481082 
0.680917585624727 
0.680917590647049 
0.680917601238238 
0.680917621810954 
0.680917659222442 
0.680917723675500 
0.680917829818221 
0.680917998062333 
0.680918256140055 
0.680918640919308 
0.680919200497180 
0.680919996591511 
0.680921107250486 
0.680922629900087 
0.680924684749332 
0.680927418573107 
0.680931008892582 
0.680935668572994 
0.680941650858758 
0.680949254865808 
0.680958831551040 
0.680970790178834 
0.680985605304572 
0.681003824295130 
0.681026075406319 
0.681053076437347 
0.681085643982307 
0.681124703298872 
0.681171298814339 
0.681226605289291 
0.681291939659238 
0.681368773574656 
0.681458746660026 
0.681563680512622 
0.681685593461899 
0.681826716110651 
0.681989507679267 
0.682176673174687 
0.682391181406089 
0.682636283869537 
0.682915534524413 
0.683232810484814 
0.683592333649694 
0.683998693296194 
0.684456869661174 
0.684972258536906 
0.685550696907597 
0.686198489654551 
0.686922437358686 
0.687729865230428 
0.688628653198284 
0.689627267188754 
0.690734791631848 
0.691960963228126 
0.693316206014914 
0.694811667771316 
0.696459257803582 
0.698271686154546 
0.700262504283011 
0.702446147261167 
0.704842391246762 
0.707469733771722 
0.710339931822663 
0.713471475982681 
0.716883978775133 
0.720598227030719 
0.724636236143197 
0.729021306274585 
0.733778080571122 
0.738932605451410 
0.744512393027291 
0.750546485716605 
0.757077746367599 
0.764129745491948 
0.771734230472285 
0.779927128269841 
0.788746256939690 
0.798231404482064 
0.808438727989431 
0.819408568211425 
0.831178169910724 
0.843796132471596 
0.857320042579455 
0.871846474988927 
0.887384976533292 
0.903994420842214 
0.921772781538603 
0.940783093963805 
0.961062314858111 
0.982705779607497 
1.005789838413342 
1.030367781739265 
1.056575874963974 
1.084458038844422 
1.114122871423825 
1.145675446120953 
1.179212925703962 
1.214935271867312 
1.252848727172311 
1.293182798223876 
1.335926936389021 
1.381242730805953 
1.429252450620295 
1.480085983555117 
1.533966299617689 
1.590942097673476 
1.651219782081338 
1.714922141590179 
1.782188570341672 
1.853250917088914 
1.928254043847210 
2.007377703527954 
2.090893742964139 
2.178942388923741 
2.271686422413453 
2.369336860180886 
2.472190996998708 
2.580514447489597 
2.694465760923682 
2.814264202388188 
2.940151313033475 
3.072445546934512 
3.211370515414357 
3.357193596704740 
3.510206702361469 
3.670713551365504 
3.839021988655131 
4.015454158713646 
4.200350993802236 
4.393986269291429 
4.596696325693237 
4.808834421867087 
5.030768411927165 
5.262877219771588 
5.505548562587216 
5.759180611336887 
6.024177883869561 
6.300952253025638 
6.589918037575773 
6.891498361230598 
7.206147392925370 
7.534328416169311 
7.876511478787333 
8.233177091418071 
8.604825785433928 
8.991975998803468 
9.395156050962459 
9.814902721970224 
10.251763874342197 
10.706306281129940 
11.179117492388308 
11.670794528113374 
12.181946000836691 
12.713200160199595 
13.265203157367292 
13.838607675197586 
14.434082257292950 
15.052320010797683 
15.694029221523470 
16.359929141442393 
17.050761395105877 
17.767288515179516 
18.510288005991484 
19.280559180672942 
20.078906782770314 
20.906163084859884 
21.763182240125179 
22.650831574355944 
23.570008473459904 
24.521619173117685 
25.506591406693019 
26.525879001099437 
27.580455700164613 
28.671317869250394 
29.799484339160347 
30.965998249996844 
32.171931547817110 
33.418373180922615 
34.706434124850425 
36.037245847509183 
37.411969932189415 
38.831791514327158 
40.297922565455089 
41.811600689121647 
43.374090312627459 
44.986682731846258 
46.650696688717638 
48.367478732460057 
50.138403674379688 
51.964875017731629 
53.848325406039109 
55.790217077340159 
57.792042325756412 
59.855323934018045 
61.981615657614626 
64.172502565146928 
66.429601530600934 
68.754561739840668 
71.149065475733806 
73.614828468067060 
76.153600042342873 
78.767163823752981 
81.457337949634166 
84.225975769760751 
87.074966476397705 
90.006235671930170 
93.021745914764395 
96.123497261071293 
99.313527808776314 
102.593914245949549 
105.966772404188148 
109.434257817032545 
112.998566283267934 
116.661934434918777 
120.426640309743590 
124.295003928060879 
128.269387873763549 
132.352197879409943 
136.545883415317746 
140.852938282611319 
145.275901210218706 
149.817356455833476 
154.479934410898551 
159.266312209686134 
164.179214342580906 
169.221413273684362 
174.395730062881796 
179.705034992518222 
185.152248198839487 
190.740340308352984 
196.472333079265013 
202.351300048140303 
208.380367181924299 
214.562713535454350 
220.901571914568422 
227.400229544907802 
234.062028746490000 
240.890367614101621 
247.888700703548068 
255.060539723762304 
262.409454234758300 
269.939072351376751 
277.653081452744914 
285.555228897322877 
293.649322743386165 
301.939232474711730 
310.428889731200400 
319.122289044074023 
328.023488575198712 
337.136610859972222 
346.465843553068112 
356.015440176154073 
365.789720866498499 
375.793073125088995 
386.029952562584185 
396.504883640991181 
407.222460408473069 
418.187347224060488 
429.404279468292884 
440.878064234843464 
452.613580997051940 
464.615782241817556 
476.889694061544446 
489.440416692612530 
502.273124986104563 
515.393068793093335 
528.805573242492869 
542.516038884083287 
556.529941662463102 
570.852832679035373 
585.490337688529621 
600.448156264865474 
615.732060589289517 
631.347893634236243 
647.301566682493558 
663.599055971428697 
680.246398193399273 
697.249684490939558 
714.615052445085439 
732.348675345198899 
750.456747706797728 
768.945465497372879 
787.820998707598619 
807.089452521396083 
826.756810913700406 
846.828852052632783 
867.311016244105076 
888.208189250491728 
909.524323507644795 
931.261718042636517 
953.419460270324862 
975.988309002154210 
998.928851199651490 
0.000000000000000 
0.000000000000000 
0.000000000000000 
0.000000000000000 
0.000000000000000 
0.000000000000000 
0.000000000000000 
0.000000000000000 
0.000000000000000 
0.000000000000000 
0.000000000000000 
0.000000000000000 
0.000000000000000 
0.000000000000000 
0.000000000000000 
0.000000000000000 
0.000000000000000 
0.000000000000000 
0.000000000000000 
0.000000000000000 
0.000000000000000 
0.000000000000000 
0.000000000000000 
0.000000000000000 
0.000000000000000 
0.000000000000000 
0.000000000000000 
0.000000000000000 
0.000000000000000 
0.000000000000000 
0.000000000000000 
0.000000000000000 
0.000000000000000 
0.000000000000000 
0.000000000000000 
0.000000000000000 
0.000000000000000 
0.000000000000000 
0.000000000000000 
0.000000000000000 
0.000000000000000 
0.000000000000000 
0.000000000000000 
0.000000000000000 
0.000000000000000 
0.000000000000000 
0.000000000000000 
0.000000000000000 
0.000000000000000 
0.000000000000000 
0.000000000000000 
0.000000000000000 
0.000000000000000 
0.000000000000000 
0.000000000000000 
0.000000000000000 
0.000000000000000 
0.000000000000000 
0.000000000000000 
0.000000000000000 
0.000000000000000 
0.000000000000000 
0.000000000000000 
0.000000000000000 
0.000000000000000 
0.000000000000000 
0.000000000000000 
0.000000000000000 
0.000000000000000 
0.000000000000000 
0.000000000000000 
0.000000000000000 
0.000000000000000 
0.000000000000000 
0.000000000000000 
0.000000000000000 
0.000000000000000 
0.000000000000000 
0.000000000000000 
0.000000000000000 
0.000000000000000 
0.000000000000000 
0.000000000000000 
0.000000000000000 
0.000000000000000 
0.000000000000000 
0.000000000000000 
0.000000000000000 
0.000000000000000 
0.000000000000000 
0.000000000000000 
0.000000000000000 
0.000000000000000 
0.000000000000000 
0.000000000000000 
0.000000000000000 
0.000000000000000 
0.000000000000000 
0.005403995464953 
0.017108796097276 
0.029643985045865 
0.043066199698771 
0.057436762489089 
0.072821179051578 
0.089288302434195 
0.106913022150728 
0.125777137610465 
0.145966227084533 
0.167572544053341 
0.190696913252450 
0.215575653062390 
0.243279011842687 
0.273334840302970 
0.305515536708264 
0.339975327270318 
0.376915348839985 
0.420796963240445 
0.470401448664652 
0.523268925662925 
0.579579148859342 
0.639581909179899 
0.703549402378316 
0.772675569760279 
0.846619949054288 
0.925488572318916 
1.010007719278739 
1.100016686866362 
1.195790991636974 
1.298702469079728 
1.410077145214610 
1.528648810335424 
1.654761318599864 
1.788563411718293 
1.930656075974626 
2.081025101329766 
2.240182246097673 
2.408468544369960 
2.586360391760213 
2.775107291459725 
2.974857492548256 
3.185319162081451 
3.406864407763913 
3.639878044328566 
3.884952816251840 
4.142437390226235 
4.413103973436385 
4.697340213994773 
4.995411113433804 
5.307521935002571 
5.634211216760252 
5.976082139367572 
6.333776778457283 
6.707692098066600 
7.098120760549635 
7.505579382634403 
7.930704410142067 
8.374066122847051 
8.836291061145150 
9.317751522679048 
9.819086469867703 
10.340933337931830 
10.883892730449942 
11.448558608523257 
12.035619209054179 
12.645824209265253 
13.279744684158842 
13.938092228768060 
14.621625161079862 
15.331061617756523 
16.067140202888417 
16.830662125033552 
17.622422383199112 
18.443234515577686 
19.293983709553082 
20.175481323953939 
21.088609629823342 
22.034274579913934 
23.013377678862142 
24.026866004439217 
25.075699683847397 
26.160860792853285 
27.283358182323397 
28.444221542536397 
29.644505738849354 
30.885289448359259 
32.167677469396232 
33.492820169255836 
34.861849734420716 
36.275951273694140 
37.736323753907058 
39.244198255544909 
40.800830298695068 
42.407503521173254 
44.065528831962276 
45.776245257845680 
47.541020227016830 
49.361250021068521 
51.238360193436712 
53.173805997752986 
55.169072825062706 
57.225676646993925 
59.345164463706539 
61.529114758493975 
63.779137942926070 
66.096876802686694 
68.484006956630282 
70.942237381250621 
73.473310910455496 
76.079004668992383 
78.761130608341958 
81.521535938267775 
84.362106597919748 
87.284759806763503 
90.291450475606524 
93.384171927947179 
96.564955245726466 
99.835869939610461 
103.199024564482926 
106.656567295564130 
110.210686496161316 
113.863611284997290 
117.617612106287339 
121.475001303939223 
125.438133700366507 
129.509407179983270 
133.691263277274743 
137.986187769287625 
142.396711272391713 
146.925409843195752 
151.574905583539930 
156.347867249532356 
161.247010864635286 
166.275100336845554 
171.434948080049480 
176.729415639655144 
182.161414322634414 
187.733905832119433 
193.449902906711571 
199.312469964668622 
205.324723753133298 
211.489834002565999 
217.811024086535781 
224.291571687010872 
230.934809465277169 
237.744125738595187 
244.722965162685995 
251.874829420115759 
259.203277914625232 
266.711928471424301 
274.404458043446652 
282.284603423525255 
290.356161962421652 
298.622992292600770 
307.089015057599056 
315.758213646786146 
324.634634935258021 
333.722390028525808 
343.025655011579659 
352.548671701794206 
362.295748405015559 
372.271260674000928 
382.479652068183213 
392.925434913484310 
403.613191060593067 
414.547572639742611 
425.733302809559007 
437.175176496970948 
448.878061124458952 
460.846897320047219 
473.086699604350770 
485.602557047654386 
498.399633888336155 
511.483170101892597 
524.858481907256987 
538.530962193907726 
552.506080849248406 
566.789384960707253 
581.386498860719712 
596.303123975186395 
611.545038432853744 
627.118096360973709 
643.028226782060756 
659.281432007757871 
675.883785389920718 
692.841428241192716 
710.160565670860251 
727.847460985865837 
745.908428164698080 
764.349821695579976 
783.178022731495730 
802.399419965723155 
822.020382708291891 
842.047222021293237 
862.486132769452070 
883.343103539312096 
904.623768858870335 
926.333148731490155 
948.475137556307232 
971.051127754259596 
994.054839285162871 
0.708682153450427 
0.708682153450430 
0.708682153450929 
0.708682153459009 
0.708682153514732 
0.708682153757059 
0.708682154549149 
0.708682156682750 
0.708682161681539 
0.708682172223099 
0.708682192699421 
0.708682229935614 
0.708682294086671 
0.708682399732047 
0.708682567187833 
0.708682824056303 
0.708683207032628 
0.708683763988536 
0.708684556352675 
0.708685661807523 
0.708687177322561 
0.708689222543536 
0.708691943557593 
0.708695517054074 
0.708700154900762 
0.708706109155385 
0.708713677532209 
0.708723209343481 
0.708735111935625 
0.708749857639983 
0.708767991258005 
0.708790138100756 
0.708817012602686 
0.708849427529615 
0.708888303800959 
0.708934680946243 
0.708989728216072 
0.709054756367761 
0.709131230145979 
0.709220781478804 
0.709325223409850 
0.709446564787132 
0.709587025729702 
0.709749053893168 
0.709935341555577 
0.710148843545352 
0.710392796033464 
0.710670736212203 
0.710986522883622 
0.711344357981007 
0.711748809047519 
0.712204832696645 
0.712717799079928 
0.713293517388286 
0.713938262414070 
0.714658802202126 
0.715462426819173 
0.716356978272100 
0.717350881607126 
0.718453177223228 
0.719673554434811 
0.721022386320361 
0.722510765895609 
0.724150543651652 
0.725954366500552 
0.727935718173054 
0.730108961115223 
0.732489379933057 
0.735093226436398 
0.737937766335655 
0.741041327647066 
0.744423350864130 
0.748104440954860 
0.752108323654997 
0.756470653477867 
0.761202706942553 
0.766330382755183 
0.771881035762274 
0.777883541024025 
0.784368360117323 
0.791367609723949 
0.798915132555611 
0.807058742646049 
0.815833438806218 
0.825270637157543 
0.835411935549236 
0.846301052914316 
0.857989104006060 
0.870541458203802 
0.883988144378742 
0.898382327269246 
0.913786579478593 
0.930312838528702 
0.947965667734546 
0.966809247686195 
0.986960023383418 
1.008458853449592 
1.031363098042088 
1.055802252053530 
1.081815826846801 
1.109500807641846 
1.138977440438520 
1.170287035812881 
1.203596643072495 
1.238939456579148 
1.276601146721696 
1.316547692319551 
1.359019179054931 
1.404003077325956 
1.451700593728113 
1.502168003034983 
1.555624395825062 
1.612202512369159 
1.672036566396744 
1.735309629962077 
1.802121049387107 
1.872669866487355 
1.947163519493767 
2.025742359500645 
2.108610242076553 
2.196059096043740 
2.288180178407428 
2.385181618915459 
2.487292052374677 
2.594828111292705 
2.707987203666129 
2.826990968046170 
2.952061303349710 
3.083475794076850 
3.221499474887977 
3.366387471361171 
3.518420989228443 
3.677897177856345 
3.845131398575827 
4.020437065589714 
4.204162027595475 
4.396606206648644 
4.598094828279956 
4.808966691646734 
5.029581174468622 
5.260315644543626 
5.501560520207081 
5.753719560064019 
6.017201243464724 
6.292424556621995 
6.579782454755344 
6.879698037340500 
7.192621174452781 
7.519020236193043 
7.859371117573376 
8.214156564148912 
8.583870035935982 
8.969020911223723 
9.370138365283465 
9.787767415188110 
10.222460241541089 
10.674778152699620 
11.145300196297335 
11.634622875426365 
12.143362108035991 
12.672141377934487 
13.221597993188333 
13.792392670813751 
14.385207797301822 
15.000727042310315 
15.639644697424997 
16.302689281805801 
16.990609510327808 
17.704163212945097 
18.444116557801930 
19.211269170440538 
20.006441391706112 
20.830462401489385 
21.684180886145455 
22.568453850515844 
23.484173227170984 
24.432249896836009 
25.413608913080612 
26.429201382807811 
27.479999311356082 
28.566996228078843 
29.691208605416733 
30.853675709135345 
32.055461710673356 
33.297653268108689 
34.581360610368314 
35.907719641209695 
37.277888303500944 
38.693049766138081 
40.154412320646983 
41.663210262968278 
43.220704275486064 
44.828181895982212 
46.486957957662838 
48.198375018174495 
49.963803800117851 
51.784643628235585 
53.662322874808581 
55.598299409395196 
57.594061055243138 
59.651126043676982 
61.771043478895720 
63.955393776673958 
66.205789118939265 
68.523873926325408 
70.911325393338615 
73.369853994062964 
75.901203945878592 
78.507153697418218 
81.189516349833411 
83.950140143606902 
86.790909222996106 
89.713743716839815 
92.720600595389996 
95.813474090326565 
98.994396231475903 
102.265437454005991 
105.628707191497455 
109.086354451942242 
112.640568387036723 
116.293578861297277 
120.047657024015052 
123.905115885242012 
127.868310896188646 
131.939640534074783 
136.121546891355081 
140.416516269213218 
144.827079775228924 
149.355813925149533 
154.005341248728769 
158.778330899633886 
163.677499269448305 
168.705610605831737 
173.865477634923963 
179.159962188099968 
184.591975833203264 
190.164480510394810 
195.880489172766914 
201.743066431871597 
207.755329208313270 
213.920447387554390 
220.241644481069613 
226.722198292977737 
233.365441592264347 
240.174762790691744 
247.153606626477767 
254.305474853799979 
261.633926938164336 
269.142580757651160 
276.835113310025463 
284.715261425665744 
292.786822486242727 
301.053655149027918 
309.519680076676536 
318.188880672279481 
327.065303819406722 
336.153060626802016 
345.456327177286539 
354.979345280325106 
364.726423227566841 
374.701936550504286 
384.910328779185534 
395.356112200658117 
406.043868615503470 
416.978250090430322 
428.163979704413919 
439.605852285269293 
451.308735132814149 
463.277568723875333 
475.517367393266341 
488.033219983495542 
500.830290454242686 
513.913818440532623 
527.289119745891639 
540.961586753476695 
554.936688734038512 
569.219972024386834 
583.817060043577840 
598.733653106426686 
613.975527992417369 
629.548537185742930 
645.458607704617293 
661.711739411451845 
678.314002657939682 
695.271535069613606 
712.590537204812108 
730.277266722054037 
748.338030539732017 
766.779174242887507 
785.607067631502559 
804.828084718774221 
824.448575497748493 
844.474825046019077 
864.912992284985648 
885.769014271120113 
907.048448135935359 
928.756190153587568 
950.895917920999068 
973.468539541328937 
996.466241962619620 
