0.000000000000000 
0.000000000000000 
0.000000000000000 
0.000000000000000 
0.000000000000000 
0.000000000000000 
0.000000000000000 
0.000000000000000 
0.000000000000000 
0.000000000000000 
0.000000000000000 
0.000000000000000 
0.000000000000000 
0.000000000000000 
0.000000000000000 
0.000000000000000 
0.000000000000000 
0.000000000000000 
0.000000000000000 
0.000000000000000 
0.000000000000000 
0.000000000000000 
0.000000000000000 
0.000000000000000 
0.000000000000000 
0.000000000000000 
0.000000000000000 
0.000000000000000 
0.000000000000000 
0.003116175185763 
0.024432368481916 
0.050742088253708 
0.083070995195524 
0.122649874904893 
0.171972315043746 
0.243739308825766 
0.334620535235616 
0.444942789541274 
0.579352119689779 
0.750114539258808 
0.956793871755689 
1.204246439456566 
1.505479712035130 
1.864661828218281 
2.290504678218364 
2.794111607011967 
3.384073251433557 
4.073296104717033 
4.872449246861663 
5.793966130001768 
6.850393014370615 
8.055326399394996 
9.423174794812210 
10.969431376770311 
12.711221855139724 
14.666500338115412 
16.854372837262424 
19.295659945276945 
22.012919618720638 
25.030515073606825 
28.374679276732859 
32.073583591455808 
36.157415568271567 
40.658460253158360 
45.611189921246407 
51.052363372863184 
57.021130995415078 
63.559144771348045 
70.710673315061683 
78.522721744094227 
87.045156106391289 
96.330832033382393 
106.435727281149241 
117.419077866526834 
129.343517590787769 
142.275220843592791 
156.284048659171276 
171.443698020685190 
187.831854347260276 
205.530346923405205 
224.625306677131277 
245.207325366581614 
267.371614102007641 
291.218155336567918 
316.851849005548843 
344.382646852025744 
373.925644345799867 
405.601131241500639 
439.534559144087325 
475.856378942767492 
514.701669226279819 
556.209424735660832 
600.521276862768104 
647.779223758120565 
698.121525361268482 
751.674918488416665 
808.538800821956556 
868.749918336862038 
932.193803544631010 
998.222717019376432 
0.667430207768124 
0.667430207777305 
0.667430208943206 
0.667430227845493 
0.667430358178554 
0.667430924980956 
0.667432777671525 
0.667437768161562 
0.667449460314989 
0.667474117035602 
0.667522011280439 
0.667609107345250 
0.667759158868121 
0.668006270194081 
0.668397968104797 
0.668998831544928 
0.669894728014625 
0.671197706942980 
0.673051602865427 
0.675638404912757 
0.679185454336539 
0.683973538902543 
0.690346695325503 
0.698823901495682 
0.709831564498322 
0.723972717085477 
0.741961801973671 
0.764640195996257 
0.792993377894588 
0.828169853656521 
0.871734624177598 
0.925156483632099 
0.990118546636900 
1.069003129475598 
1.164069967484840 
1.278386010687631 
1.415303007653248 
1.578234721527792 
1.770845732199092 
1.998332967310547 
2.265551875667946 
2.578105288561917 
2.942325953748260 
3.365453743511508 
3.854885867878556 
4.418804593831389 
5.066439357475608 
5.807801479046709 
6.653745178198501 
7.616056471426802 
8.707485500160338 
9.941832419358523 
11.334002848020729 
12.900091745868298 
14.657452305538978 
16.624697497181941 
18.821807964600936 
21.270251447854999 
23.993088412174878 
27.015061960889561 
30.362684500931699 
34.064337040127988 
38.150361581691115 
42.653156180083727 
47.607279890859651 
53.049559771016725 
59.019200301791670 
65.557897030534889 
72.709954267569813 
80.522406826713905 
89.045145711712962 
98.331047583930285 
108.436107822137359 
119.419577006304593 
131.344100711229117 
144.275862558546521 
158.284730517737245 
173.444406438656472 
189.832578711964572 
207.531077760981930 
226.626033737136936 
247.208035275436202 
269.372287170954792 
293.218763623520374 
318.852352533379303 
346.382981970489880 
375.925714148190423 
407.600789025372194 
441.533584021795718 
477.854439649015205 
516.698269655098784 
558.203819920179285 
602.512338237429844 
649.765210532253604 
700.099665089985024 
753.640565900325555 
810.483534938467983 
870.656513612401795 
934.020367971965015 
1000.000000000000000 
0.000000000000000 
0.000000000000000 
0.000000000000000 
0.000000000000000 
0.000000000000000 
0.000000000000000 
0.000000000000000 
0.000000000000000 
0.000000000000000 
0.000000000000000 
0.000000000000000 
0.000000000000000 
0.000000000000000 
0.000000000000000 
0.000000000000000 
0.000000000000000 
0.000000000000000 
0.000000000000000 
0.000000000000000 
0.000000000000000 
0.000000000000000 
0.000000000000000 
0.000000000000000 
0.000000000000000 
0.000000000000000 
0.000000000000000 
0.000000000000000 
0.000000000000000 
0.000000000000000 
0.000000000000000 
0.017448779587835 
0.043479364508482 
0.075432234175280 
0.114502457104616 
0.162122674890324 
0.227521740833809 
0.316415902114852 
0.424667336288512 
0.555113400777561 
0.718189988288523 
0.920467223538008 
1.161990700696570 
1.452666434971400 
1.803458590157474 
2.218381527887388 
2.709486231336045 
3.286496298304264 
3.959887252209021 
4.742736647315285 
5.646991781963174 
6.685710810272059 
7.872485349520847 
9.221877345893319 
10.749398582097559 
12.471714559930401 
14.406933218394576 
16.574822536917935 
18.995904193958168 
21.692450932361574 
24.688550677567665 
28.010172852347566 
31.685227888921233 
35.743653508455907 
40.217492777080835 
45.140975902255157 
50.550617758327974 
56.485320925216811 
62.986482394995420 
70.098105487854923 
77.866917137804748 
86.342490389344078 
95.577371778341345 
105.627213181295801 
116.550907702205649 
128.410729225963564 
141.272475386622745 
155.205613846996386 
170.283431925049427 
186.583189699089928 
204.186276756369324 
223.178372708528627 
243.649611477444353 
265.694749144921218 
289.413334827033225 
314.909883508928942 
342.294048928109191 
371.680793195088029 
403.190547495953183 
436.949354240072921 
473.088974135508010 
511.746929451821416 
553.066432095616619 
597.196100343441231 
644.289275997728055 
694.502559469105790 
747.992530337202538 
804.908055434067819 
865.369603707174292 
929.400968746796934 
996.444443438449071 
0.697091738359244 
0.697091738368393 
0.697091739530435 
0.697091758370159 
0.697091888271834 
0.697092453198191 
0.697094299756565 
0.697099273728468 
0.697110927180756 
0.697135502282697 
0.697183237969836 
0.697270045634701 
0.697419600107998 
0.697665892358129 
0.698056290638568 
0.698655157336789 
0.699548069646085 
0.700846693558615 
0.702694362781123 
0.705272417272794 
0.708807360510100 
0.713578900622671 
0.719928948499903 
0.728271655972561 
0.739104589042387 
0.753021144123577 
0.770724327766636 
0.793042029559944 
0.820943919617154 
0.855698736798998 
0.898736254514132 
0.951395593905152 
1.015431056500642 
1.093301208488241 
1.186943852314120 
1.299740700714235 
1.434476377669780 
1.595227829326518 
1.785290504105789 
2.009661266751883 
2.273295166916843 
2.581729434049792 
2.941354509872717 
3.359230394354737 
3.842734181113085 
4.400018582798403 
5.040215679625473 
5.773342943925835 
6.610287416995423 
7.562801822518253 
8.643623839003878 
9.866513853975665 
11.246341923841513 
12.799145312061201 
14.542218774000936 
16.494207419411051 
18.675154751900337 
21.106425197184674 
23.810949537137951 
26.813334012989486 
30.139920065886862 
33.818916899557401 
37.880491096362995 
42.356848369890457 
47.282344539993822 
52.693594340493142 
58.629578362272603 
65.131755050203708 
72.244176896115349 
80.013610920598552 
88.489663434815100 
97.724908947735145 
107.775022995335348 
118.698918639339411 
130.558886417905853 
143.420737615077826 
157.353950822850521 
172.431821868278433 
188.731617241319270 
206.334731169368467 
225.326846431788624 
245.798098884024284 
267.843245449534265 
291.561835000947497 
317.058381014350175 
344.442534006266044 
373.829250315645140 
405.338951366546553 
439.097663426127042 
475.237120746993014 
513.894802308348972 
555.213848850961540 
599.342760794414858 
646.434683089275381 
696.645865239362138 
750.132238226734216 
807.041399582466738 
867.491333515709584 
931.503249390239262 
998.473583405647332 
0.000000000000000 
0.000000000000000 
0.000000000000000 
0.000000000000000 
0.000000000000000 
0.000000000000000 
0.000000000000000 
0.000000000000000 
0.000000000000000 
0.000000000000000 
0.000000000000000 
0.000000000000000 
0.000000000000000 
0.000000000000000 
0.000000000000000 
0.000000000000000 
0.000000000000000 
0.000000000000000 
0.000000000000000 
0.000000000000000 
0.000000000000000 
0.000000000000000 
0.000000000000000 
0.000000000000000 
0.000000000000000 
0.000000000000000 
0.000000000000000 
0.000000000000000 
0.000000000000000 
0.000000000000000 
0.011500828340509 
0.037333181500706 
0.069017690963705 
0.107725012184344 
0.154857541612722 
0.215781290705231 
0.301629500330682 
0.408229239534194 
0.537028150439463 
0.693756033866278 
0.891760237601116 
1.129516686041192 
1.413291136211561 
1.756094521438832 
2.163888366653789 
2.645117797156405 
3.212359781105511 
3.874608334339232 
4.644755844463090 
5.535832565457527 
6.560896223016340 
7.733716658462130 
9.068947441530479 
10.582154280375574 
12.290014045669313 
14.210435097965043 
16.362815300454908 
18.768453842698730 
21.449426273146095 
24.429636413983214 
27.734906315401322 
31.392917925141415 
35.433405564769274 
39.888232794078576 
44.791448521060175 
50.179388320724385 
56.090779415121801 
62.566843235019832 
69.651403376159394 
77.390999843800074 
85.835009327542593 
95.035771036027356 
105.048717576575598 
115.932510361075742 
127.749179054932227 
140.564264673354927 
154.446966064506881 
169.470289677697707 
185.711202661734433 
203.250789440929395 
222.174411952602838 
242.571873691309548 
264.537587588711119 
288.170747555831042 
313.575503199281911 
340.861136732936927 
370.142240323806902 
401.538890828780268 
435.176816740268009 
471.187548536266149 
509.708537374042010 
550.883215940208743 
594.860954593262022 
641.796826188594878 
691.851011166535045 
745.187445199676972 
801.970769674051212 
862.358853504576132 
926.481262926423597 
994.306181287083291 
0.728060345423654 
0.728060345432684 
0.728060346579587 
0.728060365173848 
0.728060493383043 
0.728061050949006 
0.728062873448682 
0.728067782615021 
0.728079284235336 
0.728103539150608 
0.728150652896068 
0.728236329562789 
0.728383935544472 
0.728627018999144 
0.729012331160057 
0.729603396158903 
0.730484676900295 
0.731766385916788 
0.733589992258109 
0.736134478600296 
0.739623407218849 
0.744332859592560 
0.750600322490322 
0.758834603599978 
0.769526871938955 
0.783262931750099 
0.800736851790904 
0.822766082138215 
0.850430006030851 
0.885033532055007 
0.927654342678689 
0.979803254248264 
1.043364941241839 
1.120482341464213 
1.213198220237468 
1.324965723559042 
1.458118723325087 
1.617454038529206 
1.805777792640035 
2.027997676535300 
2.289188963880613 
2.594770364771807 
2.951127868121405 
3.365337752714535 
3.844691780051945 
4.397336398796138 
5.032330910469903 
5.759631773535316 
6.590138994455925 
7.535635776355406 
8.608846205701559 
9.823511278787898 
11.194482687475293 
12.737765587819123 
14.470610399538760 
16.411590211761926 
18.580710261105317 
20.999514392451747 
23.690856422142673 
26.679406979742232 
29.991237589502479 
33.654432700762129 
37.699063137357982 
42.157201276632719 
47.063061170468906 
52.453116263983667 
58.366199869745174 
64.843614875959602 
71.929248471978184 
79.669691433123347 
88.114361918244512 
97.315633679016727 
107.328968485027673 
118.213052500658989 
130.029936334442567 
142.845178526200385 
156.727992330561108 
171.751395771389582 
187.992365048393594 
205.531991446881136 
224.455641916175580 
244.853123432816318 
266.818851145713097 
290.452020099074446 
315.856780013167736 
343.142412106282848 
372.423506141810776 
403.820134570299842 
437.458018442586535 
473.468676053969943 
511.989538859582808 
553.164007772402215 
597.141401707938712 
644.076709407067710 
694.129970315189439 
747.464872186131856 
804.245590921681242 
864.629030379926121 
928.742469045267512 
996.542254826076260 
0.000000000000000 
0.000000000000000 
0.000000000000000 
0.000000000000000 
0.000000000000000 
0.000000000000000 
0.000000000000000 
0.000000000000000 
0.000000000000000 
0.000000000000000 
0.000000000000000 
0.000000000000000 
0.000000000000000 
0.000000000000000 
0.000000000000000 
0.000000000000000 
0.000000000000000 
0.000000000000000 
0.000000000000000 
0.000000000000000 
0.000000000000000 
0.000000000000000 
0.000000000000000 
0.000000000000000 
0.000000000000000 
0.000000000000000 
0.000000000000000 
0.000000000000000 
0.000000000000000 
0.000000000000000 
0.006277777046132 
0.031959658320457 
0.063440764216309 
0.101874600841354 
0.148640338193287 
0.206888797248381 
0.289085904351540 
0.394449790877852 
0.521824259042471 
0.675245099426291 
0.867907064554411 
1.102716599518621 
1.382116645131153 
1.718060755524758 
2.119726506129750 
2.593585916131221 
3.152380778315760 
3.805998775868526 
4.566303541843026 
5.446136032527893 
6.460237147801526 
7.621458459073858 
8.945108236605389 
10.446568643602635 
12.142639472447687 
14.051191710294471 
16.191480883342440 
18.584472298201391 
21.252971604127175 
24.220657084186463 
27.513101950172683 
31.157830815271133 
35.184426366893540 
39.624610026097265 
44.512306563113732 
49.883729764385627 
55.777480408916020 
62.234648830527348 
69.298922758256040 
77.016700905244150 
85.437212299226331 
94.612641126789725 
104.598256747137313 
115.452548458793558 
127.237364572964253 
140.018055373986329 
153.863619634821248 
168.846854489226985 
185.044508611646108 
202.537438785547920 
221.410770021608613 
241.754059401460609 
263.661463764146390 
287.231911216831520 
312.569276226079751 
339.782557696102003 
368.986058892780648 
400.299567192858717 
433.848530193056661 
469.764222299375774 
508.183891811370813 
549.250871370369623 
593.114621765946481 
639.930655193964412 
689.860236898317453 
743.069644260321184 
799.728483678199382 
860.005730233980785 
924.059201597509059 
991.979254504018400 
0.758431352492984 
0.758431352501919 
0.758431353636788 
0.758431372035958 
0.758431498899979 
0.758432050615954 
0.758433853993942 
0.758438711653295 
0.758450092598818 
0.758474093033058 
0.758520712468347 
0.758605490243065 
0.758751547633911 
0.758992080927275 
0.759373351127931 
0.759958216530459 
0.760830255285234 
0.762098526529874 
0.763903020856675 
0.766420854130818 
0.769873263295665 
0.774533469154240 
0.780735479518389 
0.788883916747642 
0.799464966430103 
0.813058558108721 
0.830351902980000 
0.852332961107625 
0.880015795321689 
0.914355770028437 
0.956650881097922 
1.008399915588685 
1.071652463218506 
1.148188832041698 
1.240307707207329 
1.351244483546503 
1.483394001681214 
1.641547750368656 
1.828554043490554 
2.049149808102800 
2.308548531913443 
2.612003615594187 
2.965849137161865 
3.377234253741533 
3.853458373888560 
4.402560312893378 
5.033592204020630 
5.756461460071415 
6.582013568068751 
7.522059579563838 
8.589377271261677 
9.797652899275418 
11.161756584893299 
12.697659776043000 
14.422599325277673 
16.355114721962117 
18.515277230423720 
20.924636334878500 
23.606017752923066 
26.583870108021170 
29.884325623097602 
33.535395150401676 
37.567052791133392 
42.011296079595660 
46.902254494157916 
52.276301951480320 
58.172163870803587 
64.631027739896211 
71.696657815182107 
79.415514054163012 
87.836875397736634 
97.012967432870610 
106.999094347755914 
117.853774987955603 
129.638882761310157 
142.419789137196716 
156.265510541900483 
171.248858549493519 
187.446593378560436 
204.939580799150178 
223.812952607177152 
244.156270820463021 
266.063695684331719 
289.634157437784552 
314.971531566606359 
342.184816917778619 
371.388315493082189 
402.701811840530127 
436.250748481396954 
472.166391334097852 
510.585974884532789 
551.652809517551304 
595.516320193080219 
642.331961080591896 
692.260902093690333 
745.469258094321958 
802.126342938363223 
862.400556921528505 
926.448422292118266 
994.354879411528145 
0.000000000000000 
0.000000000000000 
0.000000000000000 
0.000000000000000 
0.000000000000000 
0.000000000000000 
0.000000000000000 
0.000000000000000 
0.000000000000000 
0.000000000000000 
0.000000000000000 
0.000000000000000 
0.000000000000000 
0.000000000000000 
0.000000000000000 
0.000000000000000 
0.000000000000000 
0.000000000000000 
0.000000000000000 
0.000000000000000 
0.000000000000000 
0.000000000000000 
0.000000000000000 
0.000000000000000 
0.000000000000000 
0.000000000000000 
0.000000000000000 
0.000000000000000 
0.000000000000000 
0.000000000000000 
0.000000000000000 
0.000000000000000 
0.020542210782014 
0.056669841235224 
0.101352247569600 
0.156694326938432 
0.227589093112694 
0.319684661622180 
0.446555881072606 
0.605645630990568 
0.802335459647876 
1.044343160211328 
1.344395865363286 
1.706354969819877 
2.138972244009413 
2.654692521193244 
3.259760166114639 
3.965172415345627 
4.782117048667840 
5.721442776399775 
6.794879589047659 
8.015449965202150 
9.397359455934446 
10.956137301633078 
12.708985705662487 
14.674191628655802 
16.871265522011942 
19.321424276003000 
22.047551028364911 
25.074270704994955 
28.428025830826130 
32.137159266890912 
36.232005934977252 
40.744982022348339 
45.710681857971139 
51.165983111414128 
57.150154981105615 
63.704970154200467 
70.874821346704408 
78.706842334831833 
87.251033285554286 
96.560390132837597 
106.691037725037688 
117.702366498979785 
129.657172507886145 
142.621800717354091 
156.666291552189904 
171.864530693492895 
188.294402059902040 
206.037943728739663 
225.181505566233170 
245.815909347069862 
268.036607714171680 
291.943838479188912 
317.642770999560867 
345.243635903477127 
374.861823055836055 
406.617930962384378 
440.637734206537971 
477.052018930084500 
515.996204232100354 
557.609610210086885 
602.034122706410471 
649.411772333571207 
699.880205858229260 
753.563588175184464 
810.552192153498254 
870.847984153797029 
934.179870015472147 
999.278052770059503 
0.631714885156141 
0.631714885165400 
0.631714886341314 
0.631714905405940 
0.631715036858339 
0.631715608528607 
0.631717477130652 
0.631722510480711 
0.631734303051248 
0.631759171538366 
0.631807477143853 
0.631895321327215 
0.632046661898788 
0.632295896552342 
0.632690961352998 
0.633296992420609 
0.634200600245808 
0.635514807970147 
0.637384707841969 
0.639993894273539 
0.643571737854837 
0.648401572682283 
0.654829879655047 
0.663276560868013 
0.674246414168778 
0.688341930639923 
0.706465150796884 
0.729345635185907 
0.757957428758478 
0.793463179880357 
0.837212375624080 
0.891169712119642 
0.956825493721836 
1.036396156939475 
1.132816306800796 
1.248301630292604 
1.386848087403875 
1.551418430711005 
1.746045054209952 
1.975922858215412 
2.245719263792831 
2.561181565583666 
2.928648263181735 
3.355302732361117 
3.848433386320389 
4.416263888152625 
5.067956751751688 
5.813504951266851 
6.663751684595987 
7.630455821417205 
8.726367451273980 
9.965302830538217 
11.362206047829041 
12.933223117218338 
14.695765133078730 
16.668530600266131 
18.871597760365635 
21.326527980541869 
24.056470868277387 
27.086255663163342 
30.442477994673013 
34.153603054236854 
38.250058782643940 
42.764331153746269 
47.731071171157026 
53.187202785912362 
59.172032676379629 
65.727364336806019 
72.897616201467983 
80.729943791196419 
89.274365791347634 
98.583893904547679 
108.714666295605667 
119.726084464866474 
131.680953438143661 
144.645625222658964 
158.690145520070018 
173.888403680264361 
190.318285794776159 
208.061830635230962 
227.205387812395571 
247.839777081154949 
270.060446654000259 
293.967627324162834 
319.666477520176613 
347.267210530661373 
376.885190284121791 
408.640976374335992 
442.660285244748309 
479.073816161020204 
518.016857659570860 
559.628530894740834 
604.050410952571042 
651.424022206827544 
701.886124955411447 
755.559167664200686 
812.529509264674061 
872.787371955119738 
936.001826326553555 
1000.000000000000000 
0.000000000000000 
0.000000000000000 
0.000000000000000 
0.000000000000000 
0.000000000000000 
0.000000000000000 
0.000000000000000 
0.000000000000000 
0.000000000000000 
0.000000000000000 
0.000000000000000 
0.000000000000000 
0.000000000000000 
0.000000000000000 
0.000000000000000 
0.000000000000000 
0.000000000000000 
0.000000000000000 
0.000000000000000 
0.000000000000000 
0.000000000000000 
0.000000000000000 
0.000000000000000 
0.000000000000000 
0.000000000000000 
0.000000000000000 
0.000000000000000 
0.000000000000000 
0.000000000000000 
0.000000000000000 
0.000000000000000 
0.000000000000000 
0.009083916255240 
0.044525712554710 
0.088255902977561 
0.142157944693879 
0.209723120164512 
0.296347932840699 
0.413515854370336 
0.567159264383223 
0.756607124056831 
0.988987412933089 
1.275806283952508 
1.626843650521863 
2.046031659702586 
2.545947739936604 
3.137128786724230 
3.826946734507628 
4.627516269202618 
5.550482242976858 
6.607821671307586 
7.812173457975657 
9.177653128127137 
10.719594715709253 
12.454738398177659 
14.401361974523237 
16.579492091474425 
19.010021236549868 
21.715618151245682 
24.720698777258580 
28.051495674432132 
31.736124909966456 
35.804698455057107 
40.289407875588836 
45.224612336888605 
50.646947720911577 
56.595434265253800 
63.111585276787380 
70.239521035230823 
78.026087752139901 
86.520981373192996 
95.776875956523952 
105.849556293867465 
116.798054419928306 
128.684789700263423 
141.575712290187823 
155.540449888503900 
170.652457834539916 
186.989172683166487 
204.632169418907438 
223.667322426284102 
244.184970212658442 
266.280083668698580 
290.052437316090391 
315.606782460601039 
343.053020308152270 
372.506371679613665 
404.087537574111991 
437.922840770457015 
474.144331614415819 
512.889828558978252 
554.302840516655920 
598.532263206092125 
645.731620111980078 
696.057609520373489 
749.666480381833708 
806.705449441518226 
867.287942056999555 
931.402281714225524 
998.236299507805029 
0.657403404360081 
0.657403404369187 
0.657403405525571 
0.657403424273561 
0.657403553542735 
0.657404115718423 
0.657405953285812 
0.657410903039560 
0.657422499753523 
0.657446955213711 
0.657494458540613 
0.657580843781395 
0.657729670868534 
0.657974766269282 
0.658363270068962 
0.658959236957485 
0.659847839789575 
0.661140226291074 
0.662979082378531 
0.665544959801576 
0.669063431802117 
0.673813148591271 
0.680134874932576 
0.688441604944575 
0.699336223770098 
0.713362338421213 
0.731208036559036 
0.753710175810597 
0.781849691650470 
0.816770731226598 
0.859966308029098 
0.913088379993887 
0.977701894163580 
1.056185304756428 
1.150993806736689 
1.264817153255888 
1.401314975247872 
1.563618084238388 
1.755502767075755 
1.982261953826865 
2.248421842935276 
2.559731293825345 
2.922584699484854 
3.344018484920834 
3.831232947761994 
4.392501526529901 
5.036884152650331 
5.774328117496472 
6.615691942295914 
7.572716966403966 
8.658117168494432 
9.885645242566110 
11.270190679205136 
12.827829058982335 
14.575910253909672 
16.533139083161739 
18.719624005606491 
21.156836625808126 
23.867801256017877 
26.877215710880812 
30.211500678259593 
33.898946937628480 
37.969805231097645 
42.456361288227207 
47.393054274386067 
52.816587300528923 
58.766033599954795 
65.282948904446187 
72.411488094524984 
80.198526124815388 
88.693783197652863 
97.949954054922642 
108.022841175415422 
118.971491635971503 
130.858337426616401 
143.749339090384666 
157.714132661998690 
172.826179975746243 
189.162922475166084 
206.805938667353644 
225.841105312192923 
246.358762312584531 
268.453881058273737 
292.226235634375314 
317.780575759457690 
345.226799428233903 
374.680121759208077 
406.261234070211458 
440.096442984050668 
476.317772030665765 
515.062995056899126 
556.475546027204018 
600.704200320469909 
647.902318960489652 
698.226201994083908 
751.831320638107741 
808.862991317955448 
869.428500876122371 
933.482413218015836 
1000.000000000000000 
0.000000000000000 
0.000000000000000 
0.000000000000000 
0.000000000000000 
0.000000000000000 
0.000000000000000 
0.000000000000000 
0.000000000000000 
0.000000000000000 
0.000000000000000 
0.000000000000000 
0.000000000000000 
0.000000000000000 
0.000000000000000 
0.000000000000000 
0.000000000000000 
0.000000000000000 
0.000000000000000 
0.000000000000000 
0.000000000000000 
0.000000000000000 
0.000000000000000 
0.000000000000000 
0.000000000000000 
0.000000000000000 
0.000000000000000 
0.000000000000000 
0.000000000000000 
0.000000000000000 
0.000000000000000 
0.000000000000000 
0.000000000000000 
0.000000000000000 
0.034338160218138 
0.077392001242422 
0.130354062045477 
0.195818924545572 
0.279706876747411 
0.387046881304021 
0.537310389859219 
0.721015902807456 
0.947247483372064 
1.222690400948579 
1.565082694020257 
1.975223134263753 
2.461802645824446 
3.041880737621483 
3.719874060297950 
4.508054331499477 
5.417672547121829 
6.462301499293591 
7.653858537073562 
9.006585090670848 
10.535570631919619 
12.257455761848750 
14.190277492866564 
16.353646390206627 
18.769140127982947 
21.459221748752057 
24.448153550038541 
27.762050490427825 
31.428834314538683 
35.478446196810850 
39.942919640628915 
44.856430475381281 
50.255433036051869 
56.178770489059943 
62.667775428861589 
69.766379863144934 
77.521231779423445 
85.981817272449007 
95.200587756250314 
105.233091869257180 
116.138111666387900 
127.977802697600595 
140.817837634898581 
154.727553226923078 
169.780100506004032 
186.052598310260294 
203.626290279592183 
222.586705517611222 
243.023823073107963 
265.032240282380371 
288.711344820610293 
314.165490011560507 
341.504172482369199 
370.842210514092869 
402.299920235906598 
436.003284809822389 
472.084108375475807 
510.680140723362626 
551.935148431484095 
595.998889415950316 
643.026912341747675 
693.180030357682654 
746.623121282978559 
803.522453892595536 
864.039290271765253 
928.312173198955634 
996.352542431102961 
0.684472357476900 
0.684472357485904 
0.684472358629535 
0.684472377170760 
0.684472505014259 
0.684473060989864 
0.684474878291223 
0.684479773455483 
0.684491242272440 
0.684515428020001 
0.684562407445588 
0.684647839966884 
0.684795025680027 
0.685037417988749 
0.685421637081840 
0.686011031204994 
0.686889833861469 
0.688167966959076 
0.689986542789266 
0.692548792230899 
0.696066755865683 
0.700815626098634 
0.707135944008582 
0.715440343326969 
0.726224781085344 
0.740081051642702 
0.757710715018629 
0.779940577425071 
0.807739857662865 
0.842254029291284 
0.885188019299950 
0.937734165441876 
1.001649631508353 
1.079379361392644 
1.172990066118455 
1.285750604590409 
1.420776061093650 
1.581520275586511 
1.771524568212482 
1.996035912130987 
2.259624641899821 
2.567961599650334 
2.927502437617625 
3.345192119210275 
3.828142375389622 
4.384687095417060 
5.023815703751244 
5.755394707023873 
6.590271414000254 
7.540194780058757 
8.617891179653883 
9.837055181918466 
11.212548428514239 
12.760393282248575 
14.497883653992364 
16.443649310691434 
18.617763784050901 
21.041847437088109 
23.738846978515380 
26.733451064943118 
30.051894844131159 
33.722338464308031 
37.774944908520951 
42.241837748820330 
47.157294760374953 
52.557867953861567 
58.482472170351897 
64.972495131638595 
72.071912658773797 
79.827408455079635 
88.288498362884340 
97.507658996677890 
107.540460568878302 
118.445703652486230 
130.285559604288665 
143.125714413694368 
157.035515835151301 
172.088123779809166 
188.360664051670454 
205.934385586184419 
224.894821366669646 
245.331953147983114 
267.340380003203506 
291.019490517276608 
316.473638152899753 
343.812318847234110 
373.150349150190323 
404.608041989508536 
438.311375107427125 
474.392143770061182 
512.988083434950909 
554.242937620408611 
598.306427037060189 
645.334039785587606 
695.486488516706686 
748.928476514396721 
805.825950275581135 
866.339515234239116 
930.606156725569917 
998.630095501228197 
0.000000000000000 
0.000000000000000 
0.000000000000000 
0.000000000000000 
0.000000000000000 
0.000000000000000 
0.000000000000000 
0.000000000000000 
0.000000000000000 
0.000000000000000 
0.000000000000000 
0.000000000000000 
0.000000000000000 
0.000000000000000 
0.000000000000000 
0.000000000000000 
0.000000000000000 
0.000000000000000 
0.000000000000000 
0.000000000000000 
0.000000000000000 
0.000000000000000 
0.000000000000000 
0.000000000000000 
0.000000000000000 
0.000000000000000 
0.000000000000000 
0.000000000000000 
0.000000000000000 
0.000000000000000 
0.000000000000000 
0.000000000000000 
0.000000000000000 
0.025491536882522 
0.068036602328406 
0.120290835391074 
0.184451150707947 
0.265869943072318 
0.368460287959962 
0.512492500819607 
0.692031218735566 
0.913203223528146 
1.182484565239232 
1.515043213965372 
1.917696887263735 
2.396264858183649 
2.964623643225927 
3.633670704618466 
4.411587637690551 
5.311334597507432 
6.344764234277751 
7.526192646480666 
8.868593095568322 
10.387352199877906 
12.098861523401311 
14.021083186021066 
16.173471067212418 
18.577223441035649 
21.255484564323336 
24.232327945765288 
27.533601715519367 
31.187096701776760 
35.222628910308160 
39.672114062418984 
44.569634302230355 
49.951538408696358 
55.856548811115971 
62.325868782796377 
69.403293959386716 
77.135328852904010 
85.571308391848561 
94.763524392114888 
104.767356765679594 
115.641409178967322 
127.447648813252044 
140.251549880677544 
154.122240616791657 
169.132653587866969 
185.359679287350588 
202.884323115063637 
221.791865906230555 
242.172028188019794 
264.119138282257950 
287.732304240023495 
313.115589374180331 
340.378190815267772 
369.634619983370385 
401.004883013541644 
434.614657769213295 
470.595461736460379 
509.084801119574536 
550.226284567242487 
594.169672602966216 
641.070811056825164 
691.091352245993221 
744.398055282152541 
801.161199607830440 
861.550885931455468 
925.727366931319352 
993.790481129498971 
0.712130364582942 
0.712130364591962 
0.712130365737400 
0.712130384307920 
0.712130512353416 
0.712131069207478 
0.712132889380205 
0.712137792278759 
0.712149279215438 
0.712173503170405 
0.712220556796384 
0.712306124200020 
0.712453542135891 
0.712696316448072 
0.713081139959558 
0.713671458644500 
0.714551633968224 
0.715831750945057 
0.717653124003637 
0.720194556483282 
0.723679414878180 
0.728383586170091 
0.734644396041498 
0.742870577522909 
0.753553393350722 
0.767279029907705 
0.784742393882286 
0.806762451017784 
0.834299244121469 
0.868790255616885 
0.911375296164977 
0.963495229726254 
1.026950562497137 
1.104132818561447 
1.196947657914983 
1.309034067631019 
1.442858172610975 
1.602491971968585 
1.791183888899980 
2.014017688842567 
2.275775982614615 
2.581959162868440 
2.938970244414052 
3.353888339343142 
3.833748658109273 
4.386765483387759 
5.021986819865753 
5.749246785828200 
6.579304491347770 
7.523926100883122 
8.595825147887588 
9.808736447111816 
11.177458015130115 
12.717996142337055 
14.447608536154458 
16.384888939273957 
18.549900263918257 
20.964306419914170 
23.651164173613132 
26.634863923768471 
29.941629569774008 
33.599553345300649 
37.638688451821665 
42.091106952279176 
46.991012931379224 
52.374856461730410 
58.281440816858122 
64.752033791218551 
71.830483100471696 
79.563335917805858 
87.999962670831650 
97.192685148653368 
107.196908852367358 
118.071259414765478 
129.877722848936230 
142.681789378698852 
156.552600656859568 
171.563100273331685 
187.790187565701871 
205.314874839247153 
224.222448157122273 
244.602631859726387 
266.549756908013762 
290.162933012002100 
315.546224286848997 
342.808827836880596 
372.065254128572974 
403.435507143494135 
437.045260871645667 
473.026026317216747 
511.515299136448334 
552.656670994666683 
596.599875108592073 
643.500713170079962 
693.520765223770468 
746.826667792787475 
803.588481310500924 
863.975880809970931 
928.148173007294531 
996.201372173678806 
