0.000000000000000 
0.000000000000000 
0.000000000000000 
0.000000000000000 
0.000000000000000 
0.000000000000000 
0.000000000000000 
0.000000000000000 
0.000000000000000 
0.000000000000000 
0.000000000000000 
0.000000000000000 
0.000000000000000 
0.000000000000000 
0.000000000000000 
0.000000000000000 
0.000000000000000 
0.000000000000000 
0.000000000000000 
0.000000000000000 
0.000000000000000 
0.000000000000000 
0.000000000000000 
0.000000000000000 
0.000000000000000 
0.000000000000000 
0.000000000000000 
0.000000000000000 
0.000000000000000 
0.003483857951798 
0.024831442501909 
0.051180317409594 
0.083560800529461 
0.123207131469442 
0.172734432272697 
0.244978815989479 
0.336072973099349 
0.446662710394864 
0.581630556052164 
0.753129376217035 
0.960415097608567 
1.208739137721429 
1.511347284872152 
1.871755364893863 
2.299307194625104 
2.804791899101053 
3.396951688949786 
4.088911490825141 
4.890907737452356 
5.815602326523890 
6.875389389573466 
8.083855778836107 
9.455351866474022 
11.005320885655445 
12.750970110850062 
14.709920420758191 
16.901249496413520 
19.345691111682363 
22.065714946899774 
25.085595563613548 
28.431479051608974 
32.131452990037772 
36.215622922188771 
40.716196645938894 
45.667576357143609 
51.106458132344102 
57.071938122100235 
63.605624113961582 
70.751751116674583 
78.557300306296597 
87.072121133654946 
96.349056672125670 
106.444072446535245 
117.416389035874374 
129.328618716180898 
142.246906341452615 
156.241074580862403 
171.384773560136438 
187.755634900942255 
205.435430108992733 
224.510233211681282 
245.070587442651743 
267.211675585594662 
291.033493133124921 
316.641022212915800 
344.144401886536343 
373.659089899331548 
405.305994941642552 
439.211552029497398 
475.507679602839858 
514.331507744882174 
555.824679071302626 
600.131876378751144 
647.398019219910793 
697.763095415234375 
751.352838832522139 
808.261307792120760 
868.515179412670022 
931.988098626389274 
998.007159447750723 
0.679956302701145 
0.679956302710383 
0.679956303883323 
0.679956322899755 
0.679956454019852 
0.679957024244975 
0.679958888123295 
0.679963908749122 
0.679975671507097 
0.680000477119555 
0.680048660574699 
0.680136282559123 
0.680287240115755 
0.680535843440231 
0.680929906081165 
0.681534396421774 
0.682435699332761 
0.683746538491407 
0.685611612308676 
0.688214000001188 
0.691798569697483 
0.696667404261010 
0.703146919088688 
0.711659694517972 
0.722713412228720 
0.736913514478243 
0.754977247595883 
0.777749217696102 
0.806218586109645 
0.841544432643845 
0.885406281787571 
0.939072175348058 
1.004328321381901 
1.083660306955116 
1.179138420959427 
1.294097920735020 
1.431512599403165 
1.595183801812172 
1.788634078130714 
2.016915156836858 
2.285187102467157 
2.598879611068045 
2.964325307950955 
3.388755875956049 
3.879769497355623 
4.445421385667338 
5.094951568079099 
5.838352214137010 
6.686470933863564 
7.651087537923468 
8.744939075686943 
9.981809857644128 
11.376582241274960 
12.945318781944296 
14.705317429505676 
16.675100447752293 
18.874560473720045 
21.325088059414639 
24.049664375554546 
27.072951441525205 
30.421383554284724 
34.123260868577560 
38.208845907744099 
42.710463474702891 
47.662604313950183 
53.102032818603902 
59.067898812404252 
65.601852400229745 
72.748161638754084 
80.553833049183197 
89.068735044330992 
98.345724473005035 
108.440776547653428 
119.413118428826749 
131.325366705693284 
144.243668954455472 
158.237849493738167 
173.381559399593840 
189.752430795782118 
207.432235390718006 
226.507047171844135 
247.067409053142001 
269.208503037449645 
293.030322932654997 
318.637847573079000 
346.141210379904692 
375.655856937582485 
407.302673077643988 
441.208050785453793 
477.503829002306418 
516.326994006124210 
557.818934417838364 
602.123898848936278 
649.386064499191320 
699.744166071676204 
753.321762845570561 
810.208828851921226 
870.423089341649643 
933.814126139007840 
999.790435502538003 
0.000000000000000 
0.000000000000000 
0.000000000000000 
0.000000000000000 
0.000000000000000 
0.000000000000000 
0.000000000000000 
0.000000000000000 
0.000000000000000 
0.000000000000000 
0.000000000000000 
0.000000000000000 
0.000000000000000 
0.000000000000000 
0.000000000000000 
0.000000000000000 
0.000000000000000 
0.000000000000000 
0.000000000000000 
0.000000000000000 
0.000000000000000 
0.000000000000000 
0.000000000000000 
0.000000000000000 
0.000000000000000 
0.000000000000000 
0.000000000000000 
0.000000000000000 
0.000000000000000 
0.000379264717730 
0.021623819258631 
0.047833318395871 
0.080026216072709 
0.119419337872931 
0.167577937400314 
0.237249545127629 
0.327521877982788 
0.437117725822963 
0.569455897844296 
0.737909927934956 
0.943111702701597 
1.188157943360140 
1.485731680353826 
1.842269010883379 
2.264226148268023 
2.763906207613619 
3.349621197210951 
4.033724561779319 
4.828094921385106 
5.744520448848310 
6.795969257099364 
7.995918452163259 
9.358830972804981 
10.900162649990575 
12.636686117202379 
14.586768587629175 
16.769340568890044 
19.205010998406095 
21.916120170284159 
24.926813399562221 
28.263110398086710 
31.952976024604446 
36.026396264664903 
40.515461348560834 
45.454456357453765 
50.879958998159708 
56.830944651941685 
63.348897482535776 
70.477925767648870 
78.264880615557118 
86.759477789520147 
96.014422655698496 
106.085538474958270 
117.031898350180995 
128.915961138937234 
141.803711580158392 
155.764804797984340 
170.872715264032394 
187.204890236373586 
204.842907652398878 
223.872638425871173 
244.384413068951233 
266.473192499211791 
290.238742748049333 
315.785812960576550 
343.224315360896071 
372.669504309163983 
404.242148355850304 
438.068682220482629 
474.281311737926330 
513.018015892252379 
554.422331840207221 
598.642622758786842 
645.830612824096647 
696.137897253142796 
749.708796082293475 
806.665150613255491 
867.072084991549218 
930.832799373177750 
997.247555054875761 
0.690876105514126 
0.690876105523390 
0.690876106699978 
0.690876125775525 
0.690876257303234 
0.690876829301013 
0.690878698973530 
0.690883735206713 
0.690895534530051 
0.690920417248339 
0.690968750460926 
0.691056644725821 
0.691208071209517 
0.691457446327583 
0.691852731182783 
0.692459093631425 
0.693363181675979 
0.694678058258039 
0.696548849626414 
0.699159162547729 
0.702738330020069 
0.707569551163919 
0.713998998869238 
0.722445978684508 
0.733414234125185 
0.747504506262887 
0.765428467460466 
0.788024157566387 
0.816273051479559 
0.851410939223434 
0.894953806146882 
0.948229978602382 
1.013013214773525 
1.091775901082216 
1.186502236504312 
1.300656462082650 
1.437024347288818 
1.599588196255233 
1.791735360455589 
2.018455575084415 
2.284928422497735 
2.596584419495238 
2.959762008183311 
3.381616354494839 
3.869734428695672 
4.432150525867628 
5.078078999797483 
5.817544678978638 
6.661401077323962 
7.621409156589578 
8.710314130882969 
9.941887645328228 
11.331006549918019 
12.893719810076734 
14.647327615982521 
16.610420458110472 
18.802860829515915 
21.245987098602370 
23.962719005449088 
26.977649442574933 
30.317136970582538 
34.009400150332127 
38.084614561017887 
42.575012853354998 
47.514988180433456 
52.941201515406597 
58.892693894236125 
65.411001583156732 
72.540273883951016 
80.327393710651251 
88.822100945297592 
98.077118755239624 
108.148283145082317 
119.094676046616883 
130.978762228058088 
143.866530247964675 
157.827637610392287 
172.935560213249431 
189.267746130894494 
206.905773735591254 
225.935514133317270 
246.447297851785777 
268.536085643605588 
292.301643100643560 
317.848718408942375 
345.287221785706947 
374.732403430683291 
406.305023273485915 
440.131498327577674 
476.343998320258834 
515.080429221534587 
556.484181866561585 
600.703398939846920 
647.889304436415728 
698.192564248786539 
751.755680576360760 
808.696715467636864 
869.071822930905000 
932.773947861753413 
999.135439669093785 
0.000000000000000 
0.000000000000000 
0.000000000000000 
0.000000000000000 
0.000000000000000 
0.000000000000000 
0.000000000000000 
0.000000000000000 
0.000000000000000 
0.000000000000000 
0.000000000000000 
0.000000000000000 
0.000000000000000 
0.000000000000000 
0.000000000000000 
0.000000000000000 
0.000000000000000 
0.000000000000000 
0.000000000000000 
0.000000000000000 
0.000000000000000 
0.000000000000000 
0.000000000000000 
0.000000000000000 
0.000000000000000 
0.000000000000000 
0.000000000000000 
0.000000000000000 
0.000000000000000 
0.000000000000000 
0.018656080255167 
0.044747222972168 
0.076780473538404 
0.115958107882401 
0.163723115571586 
0.230352964764780 
0.319789248406773 
0.428496865785010 
0.559443554257690 
0.724326045905896 
0.927657023908663 
1.170344495721556 
1.463233270002326 
1.816232924309616 
2.233570472098799 
2.727816797872993 
3.308051848098389 
3.985344559969090 
4.772747990481490 
5.681761874215310 
6.725660537924279 
7.917882770388349 
9.272992331243683 
10.806459033701289 
12.534925550103804 
14.476730834098971 
16.651186792296492 
19.078794961368168 
21.781781871973280 
24.784178412876649 
28.111891863108731 
31.792777282758927 
35.856713144057210 
40.335683757895978 
45.263868900788694 
50.677739964043511 
56.616163876408734 
63.120514074622889 
70.234785763524172 
78.005714479843334 
86.482897710434315 
95.718919533179047 
105.769478471204735 
116.693518876531400 
128.553366186616785 
141.414866350068394 
155.347529631159517 
170.424678909944248 
186.723602518248811 
204.325711600848138 
223.316701963447770 
243.786720354239463 
265.830535106947536 
289.547711024030662 
315.042788249551847 
342.425464641917983 
371.810780466175004 
403.319302886830542 
437.077304842297167 
473.216926664721882 
511.876295599699233 
553.199550093456423 
597.336654032897741 
644.442759959442128 
694.676544226586202 
748.196162247939355 
805.149187357246092 
865.645381467935294 
929.669454038690446 
996.571707124031377 
0.702299633860896 
0.702299633870097 
0.702299635038477 
0.702299653980971 
0.702299784591254 
0.702300352599265 
0.702302209230545 
0.702307210335254 
0.702318927356543 
0.702343636514011 
0.702391632594455 
0.702478913780661 
0.702629284031690 
0.702876919690156 
0.703269447290108 
0.703871580056701 
0.704769361445916 
0.706075065432406 
0.707932805330421 
0.710524905991874 
0.714079098574546 
0.718876603033968 
0.725261171341156 
0.733649174292329 
0.744540826467741 
0.758532656672646 
0.776331343456601 
0.798769044281591 
0.826820348407432 
0.861818776923717 
0.905089239127422 
0.958032396783536 
1.022434492255677 
1.100723726485485 
1.194844201640805 
1.308308995636290 
1.443723367875905 
1.605339939902992 
1.796372107705757 
2.021759312719403 
2.286672316622407 
2.596551614165589 
2.957757375872876 
3.377366730584151 
3.862946218921591 
4.422536625048014 
5.065306384992025 
5.801290676661369 
6.641362043974745 
7.597271107097518 
8.681766208896914 
9.908608680514837 
11.292671204763199 
12.849990453126601 
14.597856710854330 
16.554888822924429 
18.740998595695402 
21.177484403656759 
23.887216694498360 
26.894731428200224 
30.226323422097025 
33.910141326657232 
37.976285423749644 
42.456908153865257 
47.386317516563118 
52.801083406912852 
58.740150883516250 
65.244955883654654 
72.359543170180388 
80.130687040301851 
88.608014698771768 
97.844132447987263 
107.894754962743733 
118.818837972713141 
130.678714670872353 
143.540236116031622 
157.472915824884865 
172.550078675000066 
188.849014179286854 
206.451134150221804 
225.442134745982827 
245.912162871713946 
267.955986882201557 
291.673171471234184 
317.168256488578209 
344.550939161397537 
373.936258443921929 
405.444778798169637 
439.202767608154033 
475.342353815478873 
514.001641348664634 
555.324721022838162 
599.461460483587643 
646.566813429745821 
696.799043249969145 
750.315430900818455 
807.261664041974086 
867.743552044632338 
931.740005132475289 
998.566069727534455 
0.000000000000000 
0.000000000000000 
0.000000000000000 
0.000000000000000 
0.000000000000000 
0.000000000000000 
0.000000000000000 
0.000000000000000 
0.000000000000000 
0.000000000000000 
0.000000000000000 
0.000000000000000 
0.000000000000000 
0.000000000000000 
0.000000000000000 
0.000000000000000 
0.000000000000000 
0.000000000000000 
0.000000000000000 
0.000000000000000 
0.000000000000000 
0.000000000000000 
0.000000000000000 
0.000000000000000 
0.000000000000000 
0.000000000000000 
0.000000000000000 
0.000000000000000 
0.000000000000000 
0.000000000000000 
0.015890735276061 
0.041879995361701 
0.073775615508571 
0.112767391777288 
0.160281968913979 
0.224425287438226 
0.312733448242472 
0.420636675571432 
0.550743442394009 
0.712252136228994 
0.913723058290223 
1.154510972054096 
1.443632633030150 
1.792951954117030 
2.206522814293436 
2.695794577448523 
3.271191181789434 
3.942747375958437 
4.723623709496849 
5.626114236615546 
6.663132421050491 
7.848389669401804 
9.196428048764732 
10.722770108020770 
12.444062639202791 
14.378272314222276 
16.545294244822781 
18.965544364329492 
21.661158633384485 
24.656074792665024 
27.976106348472896 
31.649014720653426 
35.704584839474634 
40.174707680989954 
45.093469976329146 
50.497248680102743 
56.424813582905230 
62.917439000768056 
70.019019348417473 
77.776187590927137 
86.238436684552596 
95.458243975889488 
105.491198712352812 
116.396132962910400 
128.235256308250200 
141.074294635410439 
154.982633292111132 
170.033464756807973 
186.303940890989082 
203.875329776072334 
222.833177100807887 
243.267472049241491 
265.272817631129556 
288.948605382234746 
314.399194247700166 
341.734093467956370 
371.068148790361079 
402.521730636451196 
436.220921312959547 
472.297694969705162 
510.890076904715556 
552.142253834405665 
596.204575017865295 
643.233316277276799 
693.389918411917733 
746.839016381448232 
803.743370331678079 
864.249163168263522 
928.430437168299477 
995.938961579741544 
0.714048144875852 
0.714048144884992 
0.714048146045754 
0.714048164864707 
0.714048294623169 
0.714048858926714 
0.714050703449318 
0.714055671937570 
0.714067312542212 
0.714091860550398 
0.714139543608317 
0.714226255562536 
0.714375645130798 
0.714621665774919 
0.715011633445964 
0.715609839388797 
0.716501766048777 
0.717798955481686 
0.719644581742663 
0.722219781787281 
0.725750803767074 
0.730517037567855 
0.736860000306038 
0.745193359405495 
0.756014087657660 
0.769914857610938 
0.787597795188180 
0.809889721869911 
0.837759016968321 
0.872670156014486 
0.915709061856407 
0.968368986034663 
1.032486183270991 
1.110355119410231 
1.203971630153827 
1.316842293870576 
1.451414945048593 
1.612231052076648 
1.802307399784148 
2.026547845610065 
2.290124953529558 
2.598465864108711 
2.957942853504374 
3.375608094543264 
3.858976143201488 
4.416108166921040 
5.056127477371215 
5.789051542404472 
6.625776847276835 
7.578066042512812 
8.658652609002594 
9.881299795523571 
11.260871217934927 
12.813394402614950 
14.556143038203739 
16.507724136079922 
18.688148765910462 
21.118691653091894 
23.822187019720683 
26.823126799142635 
30.147754621887572 
33.824160938268435 
37.882382091452406 
42.354501779753051 
47.274755193536713 
52.679632114533220 
58.607992948205577 
65.101185465615970 
72.203162679414362 
79.960603693868904 
88.423037151547462 
97.642967383675511 
107.676003507723081 
118.580991798771805 
130.420151679644732 
143.259215637017121 
157.167573298808009 
172.218419826836879 
188.488908707151040 
206.060308968395731 
225.018166826858078 
245.452471739391001 
267.457826831486045 
291.133623648370474 
316.584221023071507 
343.919127932638162 
373.253189576903821 
404.706775259649930 
438.405965027714331 
474.482728478398656 
513.075081768829591 
554.327193321159029 
598.389375900692926 
645.417832384718963 
695.573856144059846 
749.021776265943117 
805.923677514328801 
866.424042179626440 
930.591381803641752 
998.046429362195568 
0.000000000000000 
0.000000000000000 
0.000000000000000 
0.000000000000000 
0.000000000000000 
0.000000000000000 
0.000000000000000 
0.000000000000000 
0.000000000000000 
0.000000000000000 
0.000000000000000 
0.000000000000000 
0.000000000000000 
0.000000000000000 
0.000000000000000 
0.000000000000000 
0.000000000000000 
0.000000000000000 
0.000000000000000 
0.000000000000000 
0.000000000000000 
0.000000000000000 
0.000000000000000 
0.000000000000000 
0.000000000000000 
0.000000000000000 
0.000000000000000 
0.000000000000000 
0.000000000000000 
0.000000000000000 
0.013296161009967 
0.039196283597489 
0.070971576918417 
0.109800840570436 
0.157097582923552 
0.219258102789174 
0.306233169331091 
0.413396327193448 
0.542767788066941 
0.701431292290504 
0.901015175645403 
1.140107044936159 
1.426112836722011 
1.771850779948994 
2.182201555965891 
2.666996197467733 
3.237984390335636 
3.904457061684536 
4.679373248342229 
5.576023195678926 
6.606756692967333 
7.785697190749074 
9.127280718260387 
10.647121086452177 
12.361861658086429 
14.289415229988847 
16.449480284671885 
18.862887087968204 
21.551691249158335 
24.539746271150026 
27.852781599411557 
31.518475335747990 
35.566528355882134 
40.028747437502204 
44.939139160199666 
50.333996422203761 
56.251996286354917 
62.734321017745970 
69.824774177228704 
77.569897268478556 
86.019090292889459 
95.224735724170571 
105.242325732603092 
116.130592788545442 
127.951643944055292 
140.771099132016161 
154.658233772104523 
169.686125879743912 
185.931807777450018 
203.476422431718760 
222.405384390982874 
242.808545277600956 
264.780363778820288 
288.420080074913585 
313.831894582521159 
341.125150878805186 
370.414522398471604 
401.820202033321493 
435.468092781741689 
471.489995449063031 
510.023784883858639 
551.213556765090402 
595.209707126255125 
642.168865009628121 
692.253504429718305 
745.630841330047815 
802.470005428199443 
862.934327411131335 
927.154489345059574 
995.078057908453616 
0.725881991793225 
0.725881991802310 
0.725881992956031 
0.725882011660862 
0.725882140632441 
0.725882701513928 
0.725884534850951 
0.725889473209234 
0.725901043222843 
0.725925442367121 
0.725972836266803 
0.726059022388672 
0.726207506051057 
0.726452034845340 
0.726839637864082 
0.727434216650386 
0.728320735644360 
0.729610061269428 
0.731444500889926 
0.734004095949923 
0.737513727984864 
0.742251102212441 
0.748555681348545 
0.756838652308963 
0.767594020395109 
0.781410938732378 
0.798987393601706 
0.821145376176506 
0.848945287241468 
0.883725994411131 
0.926564678613723 
0.978979603004505 
1.042858658287817 
1.120359949536965 
1.213535382470223 
1.325887488419554 
1.459725404817227 
1.619855945515670 
1.809096479684660 
2.032328791681974 
2.294742631208796 
2.601735742766238 
2.959681120036064 
3.375634531714068 
3.857051948209726 
4.412010651797718 
5.049596723313272 
5.779803343480939 
6.613546976032532 
7.562608227120695 
8.639696875912501 
9.858587364049773 
11.234129713973093 
12.782348221717408 
14.520503807733835 
16.467187707735690 
18.642422252617862 
21.067559463117647 
23.765404402081831 
26.760413473580961 
30.078789055419858 
33.748571454253941 
37.799741475140983 
42.264322874335662 
47.176501172881053 
52.572680459832441 
58.491641168676637 
64.974654074051216 
72.065592085525722 
79.811050882990543 
88.260472392594508 
97.466270991026278 
107.483962578997478 
118.372296807569398 
130.193392802232239 
143.012878717614029 
156.900035394196465 
171.927944306188408 
188.173639910666282 
205.718266446499058 
224.647239191605763 
245.050410165214913 
267.022238249396480 
290.661963690504422 
316.073786864088049 
343.367051188947983 
372.656429747522679 
404.062114706059901 
437.710007596391506 
473.731906275989161 
512.265679690548950 
553.455411744744197 
597.451475074857285 
644.410452333322496 
694.494725045837640 
747.871321812242400 
804.708976100688346 
865.170092770396764 
929.382618295772545 
997.281084134863818 
0.000000000000000 
0.000000000000000 
0.000000000000000 
0.000000000000000 
0.000000000000000 
0.000000000000000 
0.000000000000000 
0.000000000000000 
0.000000000000000 
0.000000000000000 
0.000000000000000 
0.000000000000000 
0.000000000000000 
0.000000000000000 
0.000000000000000 
0.000000000000000 
0.000000000000000 
0.000000000000000 
0.000000000000000 
0.000000000000000 
0.000000000000000 
0.000000000000000 
0.000000000000000 
0.000000000000000 
0.000000000000000 
0.000000000000000 
0.000000000000000 
0.000000000000000 
0.000000000000000 
0.000000000000000 
0.010848919362271 
0.036670206834498 
0.068339177995097 
0.107024773055515 
0.154130148468449 
0.214702911244930 
0.300204101096223 
0.406702410771766 
0.535395722591069 
0.691668705166621 
0.889328929062591 
1.126897305882657 
1.410281978204088 
1.752637048864342 
2.160093419975747 
2.640886679490065 
3.207769891068500 
3.869718216299836 
4.639631515329374 
5.530533764722337 
6.555621281651900 
7.728638490724069 
9.064268722194365 
10.578084867235599 
12.286766046900446 
14.208216691353869 
16.361817842200878 
18.768866079888546 
21.451353770124854 
24.433065934121920 
27.739669860125808 
31.398786337771924 
35.440024206698332 
39.895102964270109 
44.797949436379675 
50.184783779679115 
56.094209082031085 
62.567327732351899 
69.647861652566661 
77.382269409536846 
85.819866541765393 
95.012949353252083 
105.016921992967639 
115.890426861279252 
127.695478592507385 
140.497601950730967 
154.365973956735559 
169.373570482219122 
185.597317447686947 
203.118246673856248 
222.021656376968963 
242.397276266613630 
264.339437192344690 
287.947245280421555 
313.324760467424085 
340.581179319798366 
369.831021861986130 
401.194321804449430 
434.796818869427170 
470.770150407527922 
509.252036322218032 
550.386444670784954 
594.323711451680765 
641.220559133405118 
691.239894791116058 
744.550124066858189 
801.323336118140560 
861.730476276569561 
925.925609641114988 
993.966674047064998 
0.737702175638751 
0.737702175647783 
0.737702176794957 
0.737702195393597 
0.737702323632980 
0.737702881330249 
0.737704704259105 
0.737709614581501 
0.737721118910293 
0.737745379537129 
0.737792504376403 
0.737878201215413 
0.738025841944709 
0.738268982607360 
0.738654385408552 
0.739245589352911 
0.740127077047722 
0.741409086592901 
0.743233119591113 
0.745778199426596 
0.749267938396073 
0.753978478366887 
0.760247377684989 
0.768483527219426 
0.779178190569060 
0.792917276893040 
0.810394968036473 
0.832428831904302 
0.860238091062710 
0.894876684425326 
0.937540184411174 
0.989740641976349 
1.053417480027824 
1.130594061308580 
1.223379676164487 
1.335272516057357 
1.468461834820631 
1.627996821274358 
1.816498705421301 
2.038834837317079 
2.300223653232309 
2.606022759563951 
2.962597338028681 
3.377022161923432 
3.856702118922617 
4.409718134716076 
5.045133363639628 
5.772916655217424 
6.603974599249530 
7.550099221806171 
8.624023189574643 
9.839499176251401 
11.211383619365055 
12.755689629864355 
14.489669879116210 
16.431897131268073 
18.602368977984593 
21.022549661683669 
23.715223381756868 
26.704820529010821 
30.017570614246011 
33.681403372530369 
37.726237710265437 
42.184048100153291 
47.088962958270400 
52.477340835039101 
58.387895954931899 
64.861829455080581 
71.942941894702983 
79.677753510737901 
88.115627781568321 
97.308897756444935 
107.312995187498188 
118.186582700177837 
129.991689335967465 
142.793849816803998 
156.662247834597622 
171.669863590822388 
187.893625727555388 
205.414567721050787 
224.317988759871923 
244.693619100907654 
266.635789881562175 
290.243607355259826 
315.621131470106491 
342.877558696437745 
372.127408810250472 
403.490714997107602 
437.093215913739982 
473.066546769171964 
511.548423182105466 
552.682804672489056 
596.620010299679734 
643.516729039344114 
693.535801573764275 
746.845500517964069 
803.617639674234169 
864.022547177100932 
928.212592635302826 
996.238585509579934 
0.000000000000000 
0.000000000000000 
0.000000000000000 
0.000000000000000 
0.000000000000000 
0.000000000000000 
0.000000000000000 
0.000000000000000 
0.000000000000000 
0.000000000000000 
0.000000000000000 
0.000000000000000 
0.000000000000000 
0.000000000000000 
0.000000000000000 
0.000000000000000 
0.000000000000000 
0.000000000000000 
0.000000000000000 
0.000000000000000 
0.000000000000000 
0.000000000000000 
0.000000000000000 
0.000000000000000 
0.000000000000000 
0.000000000000000 
0.000000000000000 
0.000000000000000 
0.000000000000000 
0.000000000000000 
0.008530467619861 
0.034281634706287 
0.065855969208659 
0.104414182809221 
0.151349097995958 
0.210650282964019 
0.294570198573050 
0.400497176455089 
0.528538386180477 
0.683242750525005 
0.878514206757369 
1.114710449057971 
1.396020888491150 
1.735214325939858 
2.139845080597377 
2.617146197228015 
3.180121589726777 
3.837996474523555 
4.603285963069857 
5.488883184120751 
6.508777219740290 
7.676291027822090 
9.006404155842825 
10.514618849448112 
12.217668732469303 
14.133448922088615 
16.281227781112886 
18.682258646284708 
21.358813407335433 
24.334635956780645 
27.635305230509935 
31.288359494888063 
35.323334754687551 
39.771875900041422 
44.667837284824088 
50.047370998533836 
55.949015843326329 
62.413806394191639 
69.485391930237427 
77.210155411981901 
85.637334732028165 
94.819146879358783 
104.810915120853579 
115.671199338675862 
127.461929800052999 
140.248544717134678 
154.100131946844442 
169.089575106840016 
185.293704282705818 
202.793451406351352 
221.674010314839961 
242.025001456875003 
263.940641195353578 
287.519915647928997 
312.866758985862759 
340.090236094430111 
369.304729388929843 
400.630129334498974 
434.192027699444907 
470.121911452635345 
508.557352847794391 
549.642186283217370 
593.526652220776214 
640.367467025397445 
690.327731194802482 
743.576484999632498 
800.287458655986370 
860.635755145897519 
924.787495877151059 
992.851631745844202 
0.749479464705702 
0.749479464714690 
0.749479465856077 
0.749479484360908 
0.749479611953477 
0.749480166837820 
0.749481980572157 
0.749486866127803 
0.749498312431022 
0.749522450692548 
0.749569337846416 
0.749654602459711 
0.749801498559951 
0.750043412994424 
0.750426872243293 
0.751015095143022 
0.751892138861750 
0.753167686873838 
0.754982529828721 
0.757514793376882 
0.760986971527158 
0.765673830308763 
0.771911254706672 
0.780106122199765 
0.790747298624093 
0.804417865834679 
0.821808704221231 
0.843777617068554 
0.871592988635388 
0.906097571492804 
0.948595669879099 
1.000593341567165 
1.064089834227892 
1.140973942086152 
1.233456343220432 
1.344911775571991 
1.477607523214861 
1.636532506338936 
1.824361935337110 
2.045895240212394 
2.306377752655292 
2.611110767117760 
2.966443274779912 
3.379480970305760 
3.857600994722852 
4.408860251266448 
5.042314128897234 
5.767907224758520 
6.596525325998497 
7.539973594829622 
8.611011119059809 
9.823366750313044 
11.191906832388067 
12.732632253428315 
14.462790726943192 
16.400939522460302 
18.567049270286443 
20.982640031003889 
23.670630593983105 
26.655338230837799 
29.962915537203152 
33.621285506115278 
37.660325415166788 
42.111963850005672 
47.010277772001722 
52.391579826677557 
58.294531941071746 
64.760273877280085 
71.832540718410527 
79.557783901294115 
87.985295199780225 
97.167333332878826 
107.159253247434179 
118.019638306077411 
129.810435714826184 
142.597095555486732 
156.448713755190909 
171.438179252627208 
187.642325534836232 
205.142086640989874 
224.022657671652098 
244.373659805576381 
266.289309806375798 
289.868593989765372 
315.215446589865678 
342.438932444725197 
371.653433790187705 
402.978840691364383 
436.540744096200228 
472.470629322456375 
510.906065321634401 
551.990879916875201 
595.875300535854194 
642.716017809149207 
692.676081387055547 
745.924430298463221 
802.634587871368012 
862.981205044073704 
927.129221746009534 
995.183024625827215 
0.000000000000000 
0.000000000000000 
0.000000000000000 
0.000000000000000 
0.000000000000000 
0.000000000000000 
0.000000000000000 
0.000000000000000 
0.000000000000000 
0.000000000000000 
0.000000000000000 
0.000000000000000 
0.000000000000000 
0.000000000000000 
0.000000000000000 
0.000000000000000 
0.000000000000000 
0.000000000000000 
0.000000000000000 
0.000000000000000 
0.000000000000000 
0.000000000000000 
0.000000000000000 
0.000000000000000 
0.000000000000000 
0.000000000000000 
0.000000000000000 
0.000000000000000 
0.000000000000000 
0.000000000000000 
0.006325125881218 
0.032013378998707 
0.063502794691206 
0.101947812606155 
0.148728663894423 
0.207014125832211 
0.289280124465380 
0.394689355886312 
0.522120412213813 
0.675610726077427 
0.868439244554506 
1.103381369678083 
1.382934234106235 
1.719153636527004 
2.121129469669204 
2.595336420395257 
3.154613791303993 
3.808775633297489 
4.569768492743945 
5.450457601156429 
6.465537442099575 
7.627918682467762 
8.952894458840412 
10.455874515761014 
12.153662734942474 
14.064142403564006 
16.206574157871771 
18.601933721323078 
21.272942601255881 
24.243264550202205 
27.538398110503032 
31.185801262114850 
35.214949851856254 
39.657429815641976 
44.547033500926879 
49.919850887899692 
55.814360831098014 
62.271536158305530 
69.334960166460803 
77.050946459415741 
85.468661203287425 
94.640247918734786 
104.620954964511739 
115.469265938033061 
127.247033324087425 
140.019615787908208 
153.856019501195277 
168.829043819038645 
185.015431523036824 
202.496023743246411 
221.355919590171936 
241.684640475532433 
263.576299074012582 
287.129772868230702 
312.448882203935170 
339.642572767694674 
368.825102324020691 
400.116231362749090 
433.641416907014673 
469.532007869124072 
507.925438512770256 
548.965412752395309 
592.802064069017206 
639.592059343248138 
689.498579620733835 
742.691033163288466 
799.344165348273918 
859.635664339763252 
923.738900293521738 
991.791141830484548 
0.761151689169091 
0.761151689178039 
0.761151690314249 
0.761151708735160 
0.761151835749095 
0.761152388117035 
0.761154193626077 
0.761159057025728 
0.761170451420088 
0.761194480215457 
0.761241154740083 
0.761326032693471 
0.761472262669698 
0.761713080169732 
0.762094800831720 
0.762680357153259 
0.763553425882531 
0.764823194688665 
0.766629818912820 
0.769150622433094 
0.772607101280141 
0.777272794968725 
0.783482098880845 
0.791640101626656 
0.802233543992824 
0.815843010188754 
0.833156476078698 
0.855206359043108 
0.882919408434598 
0.917296720759450 
0.959637609596455 
1.011442355850877 
1.074783693017989 
1.151404260905594 
1.243647775208519 
1.354686012854152 
1.486998538046599 
1.645312679773265 
1.832537120741921 
2.053343643583436 
2.313014302894111 
2.616785003774382 
2.970986609435924 
3.382759117482776 
3.859467105876991 
4.409126207657442 
5.040793128741935 
5.764389284353235 
6.590774754595786 
7.531769056938320 
8.600156383035461 
9.809640974257970 
11.175101637103594 
12.712525802866276 
14.439159389967102 
16.373547204199625 
18.535639968061908 
20.947098885703770 
23.630751368293371 
26.610903055487491 
29.913674112079065 
33.566977547853575 
37.600660560198477 
42.046611994852768 
46.938863170868537 
52.313682675851084 
58.209685567145030 
64.667957005949575 
71.732172692122703 
79.448721082035760 
87.866828028444687 
97.038683814442962 
107.019572686983423 
117.868005138800811 
129.645853285461840 
142.418489721631346 
156.254930217152236 
171.227980546179822 
187.414387656149501 
204.894995300078421 
223.754904189539673 
244.083636681202279 
265.975305984356282 
289.528789862896645 
314.847908781051729 
342.041608423489834 
371.224146428877020 
402.515282975368734 
436.040474434013959 
471.931068399980404 
510.324496502328316 
551.364457412363890 
595.201074224764170 
641.990993334656650 
691.897355402328344 
745.089488627691026 
801.741976251453934 
862.032158658002118 
926.132531099463449 
994.177197150783059 
0.000000000000000 
0.000000000000000 
0.000000000000000 
0.000000000000000 
0.000000000000000 
0.000000000000000 
0.000000000000000 
0.000000000000000 
0.000000000000000 
0.000000000000000 
0.000000000000000 
0.000000000000000 
0.000000000000000 
0.000000000000000 
0.000000000000000 
0.000000000000000 
0.000000000000000 
0.000000000000000 
0.000000000000000 
0.000000000000000 
0.000000000000000 
0.000000000000000 
0.000000000000000 
0.000000000000000 
0.000000000000000 
0.000000000000000 
0.000000000000000 
0.000000000000000 
0.000000000000000 
0.000000000000000 
0.000000000000000 
0.000000000000000 
0.021145910960162 
0.057374851518257 
0.102193187114732 
0.157728377193842 
0.228976077079250 
0.321715900804460 
0.449367848985397 
0.609190299646911 
0.806802567151086 
1.050213216765808 
1.351754472833188 
1.715294572225778 
2.150060337583083 
2.667902795736082 
3.275261810076015 
3.983256401205637 
4.803073730562916 
5.745260663089379 
6.821667552436011 
8.045272378327898 
9.430274298825898 
10.992182802939041 
12.748262321553367 
14.716549349551032 
16.916547253631812 
19.369374280864402 
22.097820385807534 
25.126417459640486 
28.481517798512719 
32.191377738496186 
36.286246314253454 
40.798459156465327 
45.762537633241251 
51.215293210453801 
57.195937114293244 
63.746194214822680 
70.910420098704549 
78.735721082265513 
87.272077180051141 
96.572468201431022 
106.693003256840939 
117.693053982218316 
129.635391754813384 
142.586329103858304 
156.615865441563528 
171.797837171177150 
188.210072175668927 
205.934548647689240 
225.057558192867333 
245.669872890624958 
267.866916073531854 
291.748936062632424 
317.421180735999314 
344.994069385702005 
374.583354438469655 
406.310256918064169 
440.301545506905541 
476.689500290631941 
515.611651187696452 
557.210090780405380 
601.630004591692568 
649.016791081115912 
699.510563152377244 
753.235565779880289 
810.278114896148509 
870.632025601227951 
934.021334681356166 
999.188619452871535 
0.643976910372495 
0.643976910381806 
0.643976911564249 
0.643976930734738 
0.643977062917075 
0.643977637761750 
0.643979516739879 
0.643984578039393 
0.643996436092158 
0.644021442669095 
0.644070016502804 
0.644158348450447 
0.644310529322993 
0.644561147729759 
0.644958405696278 
0.645567800523371 
0.646476422528543 
0.647797920167351 
0.649678186855240 
0.652301827940669 
0.655899472092740 
0.660755999211615 
0.667219767062753 
0.675712931070864 
0.686742965383562 
0.701028039695590 
0.719250380433384 
0.742226153429953 
0.770955953170760 
0.806606455449690 
0.850617960463143 
0.904846986240267 
0.970793620395623 
1.050847973089958 
1.147638883556373 
1.263716721249100 
1.402749841287141 
1.568019148889136 
1.763358896652431 
1.994067916666609 
2.264838662807114 
2.581351239746362 
2.949939482049766 
3.377791476594140 
3.872365675180812 
4.441764823674922 
5.095166389970864 
5.842557124292976 
6.694770382093145 
7.663557841353398 
8.761662873183974 
10.002890564125547 
11.402165739000147 
12.975605442580374 
14.740570795354495 
16.715680515877740 
18.920921752937300 
21.377775481358121 
24.109309665589137 
27.140270092689740 
30.497173127378403 
34.208400861444474 
38.304299143995316 
42.817278776287090 
47.781920187428859 
53.235081969801925 
59.216013465197847 
65.766470201373238 
72.930832021202448 
80.756224010661640 
89.292640313869114 
98.593071048916357 
108.713632596846708 
119.713701542092863 
131.656052507863620 
144.607000072307557 
158.636544888126252 
173.818524071451861 
190.230765878644888 
207.955248646057015 
227.078263909203457 
247.690583505703103 
269.887630251614553 
293.769651281940924 
319.441892117304178 
347.014767500275639 
376.604020907112215 
408.330856227649292 
442.322009814507169 
478.709701787612744 
517.631352934413258 
559.228861262070041 
603.647072669130580 
651.030792285037023 
701.519088705018817 
755.234263267253141 
812.258490070807284 
872.573954151536554 
935.848226048609035 
1000.000000000000000 
0.000000000000000 
0.000000000000000 
0.000000000000000 
0.000000000000000 
0.000000000000000 
0.000000000000000 
0.000000000000000 
0.000000000000000 
0.000000000000000 
0.000000000000000 
0.000000000000000 
0.000000000000000 
0.000000000000000 
0.000000000000000 
0.000000000000000 
0.000000000000000 
0.000000000000000 
0.000000000000000 
0.000000000000000 
0.000000000000000 
0.000000000000000 
0.000000000000000 
0.000000000000000 
0.000000000000000 
0.000000000000000 
0.000000000000000 
0.000000000000000 
0.000000000000000 
0.000000000000000 
0.000000000000000 
0.000000000000000 
0.000000000000000 
0.015875632132609 
0.051760063680498 
0.096100127985922 
0.150849549770768 
0.220441695630128 
0.310214079252724 
0.433759482681516 
0.590747952440806 
0.784885526642233 
1.022890530531851 
1.318786971083361 
1.677105661134090 
2.104547963715519 
2.615685896610126 
3.216214698144781 
3.916865758167753 
4.728698484081963 
5.663413412756027 
6.732278879076246 
7.948378186051634 
9.325791425407655 
10.879974832062212 
12.627808540579649 
14.587899467985670 
16.779561821794456 
19.223826143328793 
21.943386042756032 
24.962673368364403 
28.307937749835915 
32.007330439916203 
36.090992971890458 
40.591150877779313 
45.542212284398623 
50.980871274176920 
56.946217186497279 
63.479848711009964 
70.625991018975967 
78.431615704985589 
86.946563577218910 
96.223670428506495 
106.318896062233719 
117.291456906963305 
129.203962538578139 
142.122556364192235 
156.117060637693925 
171.261125896847204 
187.632384850147901 
205.312610700588380 
224.387879865893581 
244.948739024657698 
267.090376357663899 
290.912796713649072 
316.521000112200795 
344.025162135844766 
373.540813449649931 
405.189012953424879 
439.096500383091211 
475.395802484837986 
514.225236429836741 
555.728695623177146 
600.054979031482048 
647.356224310912012 
697.784382296997251 
751.483526371743665 
808.572134590544920 
869.096629556620655 
932.876466374012807 
998.752455242872657 
0.653160892224417 
0.653160892233649 
0.653160893406073 
0.653160912414106 
0.653161043476301 
0.653161613449615 
0.653163476504878 
0.653168494913862 
0.653180252479058 
0.653205047145571 
0.653253209357206 
0.653340792772198 
0.653491684068122 
0.653740178789254 
0.654134070600979 
0.654738302029256 
0.655639225942684 
0.656949528901735 
0.658813870339978 
0.661415295700894 
0.664982487513173 
0.669797926309345 
0.676207043511064 
0.684628460843210 
0.695622338492270 
0.709826030910255 
0.727897114194172 
0.750682576428980 
0.779175042651006 
0.814532033941751 
0.858249808311838 
0.912035130180164 
0.977447944130510 
1.056916573379898 
1.152921767650202 
1.268144167006997 
1.406153343996228 
1.570268365839980 
1.764259168613100 
1.993382827253702 
2.262349285230017 
2.576827885376368 
2.943147195531506 
3.368448499429261 
3.860162847117249 
4.426388746936716 
5.076271745077371 
5.819798703075156 
6.667813497211451 
7.632062558861493 
8.725268395484209 
9.961221174352572 
11.354828426391588 
12.922190021824626 
14.680666227034262 
16.648919849203416 
18.846914901134042 
21.296082378347307 
24.019430667129839 
27.041637601309702 
30.389143972477708 
34.090249321871070 
38.175210583419620 
42.676343557697415 
47.628127439044661 
53.067312908683007 
59.033035468525711 
65.566931289449343 
72.713255472006125 
80.519003044039991 
89.034032707222650 
98.311193525780297 
108.406454836605064 
119.379039688477718 
131.291562095780193 
144.210168336111991 
158.204682452187257 
173.348756053318482 
189.720022460232883 
207.400255200036383 
226.475530828962292 
247.036396023788143 
269.178038810513442 
293.000463638062740 
318.608669651051343 
346.112830754453398 
375.628474415394180 
407.276652719500532 
441.184091910681673 
477.483291960685506 
516.312517301475054 
557.815558564850789 
602.141022968121320 
649.440667552847572 
699.865697036963070 
753.558643305307214 
810.634426350364947 
871.129149090641022 
934.814903394137218 
1000.000000000000000 
0.000000000000000 
0.000000000000000 
0.000000000000000 
0.000000000000000 
0.000000000000000 
0.000000000000000 
0.000000000000000 
0.000000000000000 
0.000000000000000 
0.000000000000000 
0.000000000000000 
0.000000000000000 
0.000000000000000 
0.000000000000000 
0.000000000000000 
0.000000000000000 
0.000000000000000 
0.000000000000000 
0.000000000000000 
0.000000000000000 
0.000000000000000 
0.000000000000000 
0.000000000000000 
0.000000000000000 
0.000000000000000 
0.000000000000000 
0.000000000000000 
0.000000000000000 
0.000000000000000 
0.000000000000000 
0.000000000000000 
0.000000000000000 
0.011018006194216 
0.046612055149916 
0.090546569960373 
0.144727258349198 
0.212908484634226 
0.300451957856535 
0.419717605746221 
0.574460705915559 
0.765482964872479 
0.999691282539675 
1.289643479261293 
1.643258402446070 
2.065253585033525 
2.569325766718417 
3.163991289000653 
3.857900603577451 
4.662669044018023 
5.590480987938793 
6.652505167773088 
7.861772638153714 
9.232303598082755 
10.779493317581604 
12.520093849097137 
14.472579666558900 
16.656614461901686 
19.093108664641079 
21.804662925509845 
24.815621557954707 
28.152145605713216 
31.842294990814370 
35.916116858149728 
40.405739547643350 
45.345471213782197 
50.771901891640880 
56.724012421213658 
63.243289361305045 
70.373842355392725 
78.162524024367485 
86.659052644710414 
95.916137691567641 
105.989608492302452 
116.938546331951173 
128.825420364575393 
141.716227632416548 
155.680637408621408 
170.792139988765996 
187.128199981759536 
204.770414100278629 
223.804673422434632 
244.321330080036489 
266.415368308439611 
290.186579742587753 
315.739742712767168 
343.184805068791206 
372.637069364768081 
404.217377931080250 
438.052292511871542 
474.274257037523739 
513.021719125311051 
554.439157097718407 
598.676881475212895 
645.890426950588449 
696.238854944631498 
749.880609392883002 
806.962799327817038 
867.589821929954269 
931.708801164187435 
998.368629817072588 
0.662869027461558 
0.662869027470723 
0.662869028634498 
0.662869047502344 
0.662869177597920 
0.662869743367533 
0.662871592682279 
0.662876574079203 
0.662888244929423 
0.662912856729497 
0.662960663735212 
0.663047601210485 
0.663197379678830 
0.663444041789773 
0.663835028826043 
0.664434804594738 
0.665329085631750 
0.666629728526737 
0.668480328034133 
0.671062583823326 
0.674603499627120 
0.679383486544490 
0.685745452592352 
0.694146783475626 
0.705121739746563 
0.719222531774302 
0.737162867106438 
0.759783750352247 
0.788070864563620 
0.823173741117099 
0.866657869046081 
0.920069540301154 
0.985031850710128 
1.064010010617190 
1.159326409523267 
1.273827216168531 
1.410948660609125 
1.574076137886399 
1.766905558646280 
1.994672078920126 
2.262070032049903 
2.574765152686078 
2.939115813033375 
3.362200294797768 
3.851391134359886 
4.414836678109682 
5.061631425377957 
5.801748043635243 
6.646044231413746 
7.606263927931975 
8.695117739186561 
9.926377865842882 
11.314937683685795 
12.876879130310268 
14.629549696276623 
16.591629137424306 
18.783123722107682 
21.225426517500669 
23.941498573108326 
26.955962511208583 
30.295196282281822 
33.987429297136103 
38.062842036662943 
42.553668165600676 
47.494299163256954 
52.921390867375365 
58.873978574839100 
65.393593584274996 
72.524381503280324 
80.313223366237395 
88.809859397733135 
98.067015577135365 
108.140533274303024 
119.089502281735250 
130.976397564298225 
143.867219998295980 
157.831641299234718 
172.943153263452530 
189.279221387340755 
206.921442884877649 
225.955709097342037 
246.472372269672917 
268.566416640929049 
292.337633735393183 
317.890801597957420 
345.335867461157250 
374.788132579902538 
406.368436570164477 
440.203335522938460 
476.425261619274124 
515.172638080055549 
556.589893502392215 
600.827255243678678 
648.040061845001446 
698.386969333276852 
752.025505454493896 
809.100443409735362 
869.708676726962494 
933.758503409301170 
1000.000000000000000 
0.000000000000000 
0.000000000000000 
0.000000000000000 
0.000000000000000 
0.000000000000000 
0.000000000000000 
0.000000000000000 
0.000000000000000 
0.000000000000000 
0.000000000000000 
0.000000000000000 
0.000000000000000 
0.000000000000000 
0.000000000000000 
0.000000000000000 
0.000000000000000 
0.000000000000000 
0.000000000000000 
0.000000000000000 
0.000000000000000 
0.000000000000000 
0.000000000000000 
0.000000000000000 
0.000000000000000 
0.000000000000000 
0.000000000000000 
0.000000000000000 
0.000000000000000 
0.000000000000000 
0.000000000000000 
0.000000000000000 
0.000000000000000 
0.006503412234433 
0.041848599734042 
0.085434566313146 
0.139132444233110 
0.206170278022108 
0.292163402574197 
0.406943627610487 
0.559892199013794 
0.748110165744335 
0.979226639772251 
1.263552422369553 
1.612947750285816 
2.030494034505541 
2.527783381417890 
3.117196472132213 
3.805089138546132 
4.603889063290742 
5.524973589057765 
6.580821966026173 
7.783797602867191 
9.148070476737518 
10.688908965215671 
12.423023395364542 
14.368556884163459 
16.545641043747324 
18.975064971907376 
21.679366658445172 
24.682821383307790 
28.011516977886707 
31.693435905586728 
35.758543339818743 
40.238882258934602 
45.168673279081773 
50.584414275523791 
56.524988464432283 
63.031781864440134 
70.148801129587497 
77.922793178395295 
86.403367719622381 
95.643122622584542 
105.697772296799016 
116.626279395646634 
128.490990213053976 
141.357774114012841 
155.296167259897544 
170.379520792604211 
186.685153554494150 
204.294509358269806 
223.293318784295167 
243.771765465828992 
265.824656813081901 
289.551599107989830 
315.057176807598807 
342.451135869746395 
371.848570461728968 
403.370111750244348 
437.142115991145602 
473.296845915586459 
511.972632656254177 
553.313991251859647 
597.471632777041805 
644.602251430302999 
694.867813282244697 
748.433689037354497 
805.463752644333681 
866.105513773210077 
930.428759288103265 
997.988774995562494 
0.672931341509045 
0.672931341518151 
0.672931342674641 
0.672931361424331 
0.672931490705210 
0.672932052931816 
0.672933890665630 
0.672938840867655 
0.672950438631796 
0.672974896306238 
0.673022403932698 
0.673108796987177 
0.673257637520576 
0.673502755022802 
0.673891293747657 
0.674487313954234 
0.675375995707753 
0.676668495763885 
0.678507510923860 
0.681073605445715 
0.684592366022694 
0.689342455874090 
0.695723260754598 
0.704120634212111 
0.715025697668310 
0.729036760932817 
0.746863054466027 
0.769340342311943 
0.797448220560219 
0.832329206836544 
0.875635145987764 
0.928732424871216 
0.993314644891266 
1.071870123946056 
1.166570958116498 
1.280459927763388 
1.416809004598502 
1.579087932023528 
1.770912591964726 
1.997498670346186 
2.263531190965276 
2.574664787172868 
2.937292149889953 
3.358437633183679 
3.845405906064192 
4.406408259473976 
5.050490561815169 
5.787597852269108 
6.628592518046583 
7.585219899627790 
8.670199959819850 
9.897276400394283 
11.281333771720382 
12.838434713845043 
14.585907880162814 
16.542423973419197 
18.728059920434031 
21.164194354227231 
23.873752935312499 
26.881314988732726 
30.213207599126271 
33.897601017899582 
37.964610210194280 
42.446398045824871 
47.377281212834767 
52.793830916829961 
58.734993224107427 
65.242206799412699 
72.359520660797372 
80.133715368278601 
88.614426842995670 
97.854272892398967 
107.908982674036906 
118.837529421249727 
130.702266776307596 
143.569069040808472 
157.507475582269166 
172.590839554857439 
188.896481020417298 
206.505844503340228 
225.504660980418635 
245.983114288872514 
268.036011921785359 
291.762960153330539 
317.268543332367699 
344.662507159625306 
374.059945256304388 
405.581487656864169 
439.353488288904941 
475.508205113695908 
514.183959524064903 
555.525246729199580 
599.682737484060794 
646.813043530106825 
697.077959094914377 
750.642478547181895 
807.669550108950943 
868.303803416751862 
932.601778274427602 
1000.000000000000000 
0.000000000000000 
0.000000000000000 
0.000000000000000 
0.000000000000000 
0.000000000000000 
0.000000000000000 
0.000000000000000 
0.000000000000000 
0.000000000000000 
0.000000000000000 
0.000000000000000 
0.000000000000000 
0.000000000000000 
0.000000000000000 
0.000000000000000 
0.000000000000000 
0.000000000000000 
0.000000000000000 
0.000000000000000 
0.000000000000000 
0.000000000000000 
0.000000000000000 
0.000000000000000 
0.000000000000000 
0.000000000000000 
0.000000000000000 
0.000000000000000 
0.000000000000000 
0.000000000000000 
0.000000000000000 
0.000000000000000 
0.000000000000000 
0.002277268049295 
0.037405972300432 
0.080688386285302 
0.133965243161714 
0.200065599584728 
0.284872738341983 
0.395214406044598 
0.546765113558601 
0.732383438602834 
0.960758579763627 
1.239890001758480 
1.585534333120264 
1.999015911282830 
2.490146156719174 
3.074748629444839 
3.757270884524014 
4.550513104368482 
5.465486130903905 
6.515676706658253 
7.712890063645442 
9.071442959206852 
10.606480956342962 
12.334682757729912 
14.274130363005867 
16.444701865398869 
18.867585089879274 
21.565227082662773 
24.561832086597526 
27.883422217655681 
31.557912704402341 
35.615195208256239 
40.087236119974087 
45.008180309720508 
50.414444191530713 
56.344820078274850 
62.840601845307340 
69.945703601745635 
77.706777843566599 
86.173337414116290 
95.397880641184869 
105.436019528214700 
116.346611189748018 
128.191892867178609 
141.037620882901251 
154.953213832467242 
170.011900219502877 
186.290870642560435 
203.871434568123817 
222.839181676702140 
243.284147745730536 
265.300985023978853 
288.989137044248650 
314.453017767544964 
341.802194935780790 
371.151577259978637 
402.621604644985553 
436.338439744284301 
472.434157161693292 
511.046922464510089 
552.321144488773143 
596.407566323812375 
643.463222500197730 
693.651105986181960 
747.139197173274624 
804.097994794796136 
864.694010593224675 
929.067857756357171 
997.215794488583356 
0.683172342960479 
0.683172342969536 
0.683172344119865 
0.683172362769687 
0.683172491361981 
0.683173050593993 
0.683174878539471 
0.683179802375203 
0.683191338366118 
0.683215665771622 
0.683262920358525 
0.683348853259465 
0.683496901030320 
0.683740712984596 
0.684127182295725 
0.684720028074621 
0.685603976814809 
0.686889593474535 
0.688718815324064 
0.691281759213940 
0.694819119363444 
0.699594156272831 
0.705949270260158 
0.714299337903185 
0.725142996217187 
0.739075213096006 
0.756801273968193 
0.779152321141831 
0.807102577570659 
0.841798699498860 
0.884963096371266 
0.937789704099812 
1.002044107589084 
1.080220564690300 
1.174366159243713 
1.287737330880009 
1.423410553595265 
1.584951064094682 
1.775894310595849 
2.001436599455622 
2.266266891263445 
2.576022371006641 
2.937123988658394 
3.356548539562373 
3.841547108326967 
4.400380541186555 
5.042054007236668 
5.776478957802862 
6.614521598019738 
7.567933111640773 
8.649438735435222 
9.872759105648452 
11.252770206031352 
12.805518758193848 
14.548317437582536 
16.499819627874473 
18.680107415928141 
21.110630627099610 
23.814284782067279 
26.815614132752110 
30.140905882168305 
33.818277875115768 
37.877787616463429 
42.351536283754662 
47.273781282115579 
52.681013567021388 
58.612096804176858 
65.108387446828914 
72.213849014411608 
79.975173034612936 
88.441902866591917 
97.666560252984823 
107.704774728092673 
118.615416164977077 
130.460730809597067 
143.306481139419020 
157.222089822474658 
172.280787970007339 
188.559767795933510 
206.140339733891039 
225.108094022048761 
245.553066743753874 
267.569910300195772 
291.258068278008409 
316.721954610726925 
344.071136922663698 
373.420523658447678 
404.890554170673340 
438.607389992766002 
474.703103472602152 
513.315855654563961 
554.590046349425393 
598.676400729098532 
645.731917916335988 
695.919520916029001 
749.407051237250585 
806.364727046814437 
866.958472852901423 
931.327327713664545 
999.459273272255359 
0.000000000000000 
0.000000000000000 
0.000000000000000 
0.000000000000000 
0.000000000000000 
0.000000000000000 
0.000000000000000 
0.000000000000000 
0.000000000000000 
0.000000000000000 
0.000000000000000 
0.000000000000000 
0.000000000000000 
0.000000000000000 
0.000000000000000 
0.000000000000000 
0.000000000000000 
0.000000000000000 
0.000000000000000 
0.000000000000000 
0.000000000000000 
0.000000000000000 
0.000000000000000 
0.000000000000000 
0.000000000000000 
0.000000000000000 
0.000000000000000 
0.000000000000000 
0.000000000000000 
0.000000000000000 
0.000000000000000 
0.000000000000000 
0.000000000000000 
0.033238987342798 
0.076254246936631 
0.129160382617184 
0.194494392957743 
0.278159412639995 
0.384969774260226 
0.534680320342819 
0.718049129652845 
0.943904744801077 
1.218896821650702 
1.560562317057121 
1.970324461181169 
2.456527271752250 
3.036043191711356 
3.713858605920517 
4.501879110389403 
5.411547310352625 
6.456315373123791 
7.648252241721672 
9.001528245256866 
10.531250606322866 
12.254049426249114 
14.187958612632681 
16.352578819531637 
18.769474385675132 
21.461027355181429 
24.451387905810783 
27.766533285207565 
31.434334050123006 
35.484603183946945 
39.949230172992841 
44.862288562959456 
50.260127966818970 
56.181465005627700 
62.667511376056872 
69.762099384970398 
77.511797649605342 
85.966032586745854 
95.177213521818402 
105.200860879281535 
116.095737518476597 
127.923983516395737 
140.751254766563818 
154.646865728839003 
169.683936577293110 
185.939544893094279 
203.494881963706206 
222.435413690843518 
242.851046077329556 
264.836295249494697 
288.490461965513475 
313.917810526698645 
341.227751991075422 
370.535031431774087 
401.959918671743765 
435.628401274867485 
471.672377162243606 
510.229841246469164 
551.445054255397508 
595.468668976352092 
642.457762211116346 
692.575661892095013 
745.991326711377269 
802.877694146655585 
863.407331950642629 
927.738549872402018 
995.947922575173720 
0.693608649245725 
0.693608649254831 
0.693608650411620 
0.693608669166182 
0.693608798480650 
0.693609360853327 
0.693611199064584 
0.693616150552523 
0.693627751328616 
0.693652215351066 
0.693699735293906 
0.693786150697588 
0.693935029588893 
0.694180209858259 
0.694568847050796 
0.695165015866254 
0.696053913720531 
0.697346716397043 
0.699186138371112 
0.701752754143023 
0.705272142228590 
0.710022920692519 
0.716345752549892 
0.724653411055646 
0.735442008447526 
0.749303505934546 
0.766939635313801 
0.789177369727509 
0.816986077228635 
0.851610150313108 
0.894579101759064 
0.947167289039260 
1.011132922417296 
1.088981918041794 
1.182651101062434 
1.295589398048264 
1.430646469671021 
1.591542671356576 
1.781721357100420 
2.006339708647238 
2.270119384876930 
2.578662927477361 
2.938399719398693 
3.356302345951343 
3.839568056858077 
4.396467346729089 
5.035998331845112 
5.768042449704787 
6.603448270449164 
7.553975583233402 
8.632356232015679 
9.852300241758350 
11.228673233284937 
12.777506718356765 
14.516098607224404 
16.463080094330596 
18.638512054657905 
21.063943300073614 
23.762248675236773 
26.757948939748104 
30.077328926505388 
33.748431937020896 
37.801256981225229 
42.267850619923806 
47.182417803570495 
52.581394606642135 
58.503565844512167 
64.990216628242251 
72.085235646057924 
79.835235863917461 
88.289678533664315 
97.500999944635424 
107.524740938985502 
118.419679432596240 
130.247966285206985 
143.075264877938025 
156.970894708565595 
172.007979234819061 
188.263598111002977 
205.818943891872635 
224.759483227859903 
245.175122546621338 
267.160378200883258 
290.814551052024854 
316.241905416350733 
343.551852285541031 
372.859136552866289 
404.284027657003435 
437.952512379022096 
473.996487065042174 
512.553943476431868 
553.769136064915301 
597.792705174670687 
644.781703034242696 
694.899408970205172 
748.314684668662267 
805.200268321612612 
865.728287534019046 
930.055871403755873 
998.254818999953613 
0.000000000000000 
0.000000000000000 
0.000000000000000 
0.000000000000000 
0.000000000000000 
0.000000000000000 
0.000000000000000 
0.000000000000000 
0.000000000000000 
0.000000000000000 
0.000000000000000 
0.000000000000000 
0.000000000000000 
0.000000000000000 
0.000000000000000 
0.000000000000000 
0.000000000000000 
0.000000000000000 
0.000000000000000 
0.000000000000000 
0.000000000000000 
0.000000000000000 
0.000000000000000 
0.000000000000000 
0.000000000000000 
0.000000000000000 
0.000000000000000 
0.000000000000000 
0.000000000000000 
0.000000000000000 
0.000000000000000 
0.000000000000000 
0.000000000000000 
0.029309296009660 
0.072087163688601 
0.124663639447669 
0.189368773050503 
0.271931782498849 
0.376442246560625 
0.523472612684692 
0.704881765856287 
0.928408227158900 
1.200485523213624 
1.537678363968122 
1.943964010078712 
2.426390966588406 
3.000487844625135 
3.674087972008072 
4.457249807903107 
5.362268936964345 
6.401718631076551 
7.588817594002923 
8.937156332644490 
10.461968462116523 
12.179780920414109 
14.108593640472797 
16.267913273576443 
18.679189064737894 
21.365083682170777 
24.349702718409393 
27.658958437614771 
31.320671345147623 
35.364572965301534 
39.822477932131598 
44.728394896597948 
50.118611873924444 
56.031788718676971 
62.509073632653617 
69.594226589531274 
77.333739718474845 
85.776960131764241 
94.976215524731160 
104.986942549108250 
115.867818142322690 
127.680894145811934 
140.491735606224637 
154.369563128805169 
169.387399570959133 
185.622221261710877 
203.155113838646628 
222.071432724037550 
242.460968219606627 
264.418115179360029 
288.042047211824638 
313.436895340665899 
340.711931035371606 
369.981753417980372 
401.366480216531500 
434.991941540131279 
470.989874481671905 
509.498114295324058 
550.660773173929215 
594.628387843517316 
641.557996845730145 
691.613064489339195 
744.963071212565410 
801.782346504412317 
862.246979087565478 
926.525280991240379 
994.734400873382356 
0.704189630724784 
0.704189630733852 
0.704189631885301 
0.704189650553290 
0.704189779270830 
0.704190339047538 
0.704192168773426 
0.704197097404802 
0.704208644630552 
0.704232995724608 
0.704280296310543 
0.704366312811713 
0.704514504461961 
0.704758552951126 
0.705145396145918 
0.705738812962580 
0.706623607519891 
0.707910442369043 
0.709741373140594 
0.712296140686435 
0.715799282090680 
0.720528129143676 
0.726821772306732 
0.735091079909145 
0.745829875938515 
0.759627394184310 
0.777182139417501 
0.799317293980925 
0.826997805175762 
0.861578209670432 
0.904370954094277 
0.956744114509266 
1.020462580643734 
1.098025546188134 
1.191292974029535 
1.303858699097033 
1.438338006842100 
1.598662117597700 
1.788165672090701 
2.011956588684864 
2.274812132332348 
2.582276688618550 
2.940765457411465 
3.357302000123785 
3.839025781782641 
4.394173599929647 
5.031768562892844 
5.761672503839303 
6.594699400142233 
7.542616991621736 
8.618152335068991 
9.835033136512109 
11.208098987704149 
12.753374603040143 
14.488143006287086 
16.431017457563375 
18.602035235995551 
21.022783045704692 
23.716224577327147 
26.706819458480631 
30.020855282110077 
33.686297612746088 
37.733080561003732 
42.193208024169934 
47.100832861175007 
52.492345469261124 
58.406486081930112 
64.884476411636868 
71.970137035104031 
79.710009050252054 
88.153478595189796 
97.352903919797086 
107.363745073776812 
118.244696457279815 
130.057822581816595 
142.868697416853507 
156.746547662164517 
171.764400211440659 
187.999233985622311 
205.532136235892096 
224.448463357456973 
244.838006218155613 
266.795159985861346 
290.419098427131075 
315.813952619570671 
343.088994002151082 
372.358821565923506 
403.743552741675330 
437.369017025608173 
473.366950274967394 
511.875185271856822 
553.037829288160310 
597.005409300214865 
643.934944615862037 
693.989861590864621 
747.339565264837120 
804.158231684350540 
864.621616936110172 
928.897175916215929 
997.098828270793206 
0.000000000000000 
0.000000000000000 
0.000000000000000 
0.000000000000000 
0.000000000000000 
0.000000000000000 
0.000000000000000 
0.000000000000000 
0.000000000000000 
0.000000000000000 
0.000000000000000 
0.000000000000000 
0.000000000000000 
0.000000000000000 
0.000000000000000 
0.000000000000000 
0.000000000000000 
0.000000000000000 
0.000000000000000 
0.000000000000000 
0.000000000000000 
0.000000000000000 
0.000000000000000 
0.000000000000000 
0.000000000000000 
0.000000000000000 
0.000000000000000 
0.000000000000000 
0.000000000000000 
0.000000000000000 
0.000000000000000 
0.000000000000000 
0.000000000000000 
0.025584618543113 
0.068149431141598 
0.120430059442359 
0.184627831867287 
0.266114494112390 
0.368793549940972 
0.513000477860123 
0.692689370230913 
0.914051210615705 
1.183568282999305 
1.516506218946102 
1.919541907281690 
2.398543158774834 
2.967530775822287 
3.637217385297748 
4.415902312277083 
5.316528711355790 
6.351022814657806 
7.533608714232713 
8.877327786706809 
10.397560626811835 
12.110723636514528 
14.034791775509245 
16.189229282204735 
18.595250708418838 
21.275883891736679 
24.255201768527968 
27.559025106560451 
31.215075866958436 
35.253050204340887 
39.704722060996467 
44.604046973500289 
49.987256446863327 
55.892954473173546 
62.362229449777629 
69.438775466950659 
77.169014560313073 
85.602220752100138 
94.790646323359979 
104.789650527957107 
115.657831028093966 
127.457158432655007 
140.253114368098210 
154.114833489354226 
169.115249760261946 
185.331247228992623 
202.843815422456430 
221.738209403510837 
242.104114482460176 
264.035815546778849 
287.632370961310357 
312.997790974485042 
340.241220550537150 
369.477126473302405 
400.825488386590564 
434.411993048799218 
470.368230245916379 
508.831887042733399 
549.946933362955974 
593.863784233379420 
640.739408185829120 
690.737317472650830 
744.027301580486437 
800.784584507396630 
861.187554585522321 
925.410922416772110 
993.596193396473268 
0.714718672728454 
0.714718672737485 
0.714718673884097 
0.714718692473679 
0.714718820650607 
0.714719378076249 
0.714721200117282 
0.714726108048388 
0.714737606775733 
0.714761855595036 
0.714808957518025 
0.714894612748422 
0.715042181989424 
0.715285205462934 
0.715670423884875 
0.716261348273312 
0.717142426512510 
0.718423856255065 
0.720247096275145 
0.722791132106470 
0.726279557073304 
0.730988537021252 
0.737255736472868 
0.745490295653847 
0.756183961511038 
0.769923490389729 
0.787404453259010 
0.809446582587022 
0.837010797786390 
0.871571447683699 
0.914204044204374 
0.966381762968212 
1.029926586031420 
1.107190922533576 
1.200103642947414 
1.312337901758401 
1.446282008495637 
1.606097833111183 
1.794997485791182 
2.018036193862694 
2.280059504462179 
2.586547677797798 
2.943897019762063 
3.359187997306025 
3.839512575829573 
4.393063387297184 
5.028892048849761 
5.756844093290463 
6.587694583926568 
7.533218992051504 
8.606141474591842 
9.820206980142759 
11.190229551336170 
12.732229079158268 
14.463475354369340 
16.402567209443660 
18.569522936558119 
20.985968416488817 
23.674979594968249 
26.660938012990115 
29.970003327754132 
33.630162713003955 
37.671337482761480 
42.125492281307473 
47.026733753625145 
52.411406863390297 
58.318204432549308 
64.788291675633900 
71.865427408244699 
79.596086995610023 
88.029587581858138 
97.218215617922084 
107.217356819823209 
118.085628825382500 
129.885016911285476 
142.681013165974349 
156.542759487414116 
171.543194705438339 
187.759206040536895 
205.271785026606267 
224.166187958100636 
244.532100876816060 
266.463809087522520 
290.060371177507193 
315.425797491974436 
342.669232998937503 
371.905144390742464 
403.253511077868154 
436.840019326682068 
472.796257926805083 
511.259911948762976 
552.374947347959278 
596.291771293696911 
643.167336830246995 
693.165125707298444 
746.454867034101426 
803.211662863814695 
863.613641266320201 
927.834864218193616 
996.014529962694724 
