0.000000000000000 
0.000000000000000 
0.000000000000000 
0.000000000000000 
0.000000000000000 
0.000000000000000 
0.000000000000000 
0.000000000000000 
0.000000000000000 
0.000000000000000 
0.000000000000000 
0.000000000000000 
0.000000000000000 
0.000000000000000 
0.000000000000000 
0.000000000000000 
0.000000000000000 
0.000000000000000 
0.000000000000000 
0.000000000000000 
0.000000000000000 
0.000000000000000 
0.000000000000000 
0.000000000000000 
0.000000000000000 
0.000000000000000 
0.000000000000000 
0.000000000000000 
0.000000000000000 
0.000000000000000 
0.000000000000000 
0.000000000000000 
0.000000000000000 
0.000000000000000 
0.000000000000000 
0.000000000000000 
0.000000000000000 
0.000000000000000 
0.000000000000000 
0.000000000000000 
0.000000000000000 
0.000000000000000 
0.000000000000000 
0.000000000000000 
0.000000000000000 
0.000000000000000 
0.000000000000000 
0.000000000000000 
0.000000000000000 
0.000000000000000 
0.000000000000000 
0.000000000000000 
0.000000000000000 
0.000000000000000 
0.000000000000000 
0.000000000000000 
0.000000000000000 
0.000000000000000 
0.000298278776833 
0.010024838495880 
0.020841729375366 
0.032856125695371 
0.046185238190717 
0.060957294725905 
0.077312263848213 
0.095404350731429 
0.115401404823005 
0.137487302883144 
0.161890262278178 
0.191599917470219 
0.229230250849275 
0.270698715606393 
0.316268804511619 
0.366864089296756 
0.422400887796185 
0.483267120328468 
0.550153579849272 
0.626457095230183 
0.712853369769662 
0.807376028503450 
0.911055094305212 
1.024251571003125 
1.147866973799832 
1.284205740670937 
1.435326057096641 
1.600158221492429 
1.779433165070148 
1.974057051180954 
2.186014757515561 
2.417909404911319 
2.669302159643584 
2.941036893741603 
3.234664232788361 
3.552611261965684 
3.895841324864223 
4.265265682363116 
4.662538013346279 
5.089587833630317 
5.547582912413645 
6.038026915866560 
6.562962872736223 
7.123969864087636 
7.722548888806767 
8.360664715423628 
9.040053502149339 
9.762612647240083 
10.530319581573067 
11.345196002675463 
12.209459709715299 
13.125289057103787 
14.094933829320954 
15.120755987734158 
16.205210312006606 
17.350858934391695 
18.560364740393375 
19.836498625548778 
21.182139756809384 
22.600278616002221 
24.094018937573107 
25.666579890527473 
27.321298529074369 
29.061658820470583 
30.891232657804494 
32.813708705695994 
34.832909346176294 
36.952790786078076 
39.177443988828188 
41.511095054253786 
43.958107719230668 
46.522986789356366 
49.210381295930986 
52.025087718347173 
54.972053335540778 
58.056379671728507 
61.283326018164573 
64.658313025463158 
68.186926365087913 
71.874920459350591 
75.728222278843930 
79.752935205551282 
83.955342959273167 
88.341913584622731 
92.919303495696184 
97.694361575611424 
102.674133328404878 
107.865865081232215 
113.277008235390980 
118.915223565316666 
124.788385565336526 
130.904586844555638 
137.272142570742432 
143.899594964441462 
150.795717844743962 
157.969521228166627 
165.430255981915536 
173.187418532442706 
181.250755629608761 
189.630269165956349 
198.336221049523829 
207.379138127627613 
216.769817155227827 
226.519329801084865 
236.639027694749132 
247.140547477022665 
258.035815853034705 
269.337054620728907 
281.056785614669707 
293.207835152131508 
305.803339905109624 
318.856750423565870 
332.381835612886164 
346.392686510818180 
360.903719494765824 
375.929678729937507 
391.485637615473365 
407.586998917604092 
424.249493191715146 
441.489174983014607 
459.322416149887545 
477.765895462970320 
496.836583378744308 
516.551720542267731 
536.928788098409427 
557.985467219758789 
579.739584286453919 
602.209036708700182 
625.411692221209591 
649.365250709253246 
674.087052633667554 
699.593808726002294 
725.901209536244664 
753.023345421509816 
780.971814888679091 
809.754296146169736 
839.372143062529517 
869.816093710209088 
901.058051985442376 
933.034000938267809 
965.605046724983822 
998.310261099285299 
0.663762163809615 
0.663762163809685 
0.663762163818509 
0.663762163961556 
0.663762164947887 
0.663762169237320 
0.663762183258059 
0.663762221024938 
0.663762309508416 
0.663762496104485 
0.663762858555645 
0.663763517673110 
0.663764653210382 
0.663766523238389 
0.663769487372377 
0.663774034200749 
0.663780813266170 
0.663790671949272 
0.663804697605492 
0.663824265305702 
0.663851091531688 
0.663887294177875 
0.663935459211349 
0.663998714343020 
0.664080810063936 
0.664186208402192 
0.664320179757929 
0.664488908176414 
0.664699605422527 
0.664960634224203 
0.665281641057556 
0.665673698853131 
0.666149460010725 
0.666724550885010 
0.667415213185572 
0.668239165958778 
0.669217201151344 
0.670372632675678 
0.671731520805653 
0.673322910028786 
0.675179080893642 
0.677335816425633 
0.679832683722636 
0.682713331384158 
0.686025803473342 
0.689822870759621 
0.694162380039995 
0.699107622387259 
0.704727721222008 
0.711098041149047 
0.718300618534670 
0.726424614824768 
0.735566793610133 
0.745878623807622 
0.757434428980130 
0.770355720528464 
0.784775529293416 
0.800837302309337 
0.818722183216410 
0.838617170918476 
0.860660431269973 
0.885044169369539 
0.912028457786201 
0.941814082649269 
0.974611212081109 
1.010782914065209 
1.050536638707097 
1.094174296739189 
1.142068469820491 
1.194511690510858 
1.252110583733607 
1.315036203949276 
1.383894390085998 
1.458938881463485 
1.540629816574357 
1.629589324620433 
1.726234598716864 
1.831248719033735 
1.945192045483554 
2.068631789050276 
2.202259122387869 
2.347001057197744 
2.503361362372133 
2.672126003363046 
2.854126504516374 
3.050200546271442 
3.261391642580609 
3.488565158756163 
3.732667013172859 
3.994718891341310 
4.275818435467111 
4.577130588757573 
4.899871427829328 
5.245266173842804 
5.614602068496523 
6.009154363402555 
6.430328869040977 
6.879568670420230 
7.358387073195633 
7.868369197617426 
8.411149815204300 
8.988418928385121 
9.601940671924234 
10.253547558930281 
10.945138318584442 
11.678688483522372 
12.456248604337665 
13.279947741092762 
14.151993778992415 
15.074669470345498 
16.050342288244671 
17.081467466381444 
18.170589166333961 
19.320345507995530 
20.533470056424299 
21.812795512252123 
23.161255888880184 
24.581889494247406 
26.077841689292217 
27.652368265668159 
29.308838350450714 
31.050736558730307 
32.881662383699862 
34.805336765209354 
36.825605726073469 
38.946442633094676 
41.171950297734575 
43.506364872743156 
45.954059390805178 
48.519546762729661 
51.207483119363822 
54.022671284793674 
56.970064263994772 
60.054768775425565 
63.282048839468715 
66.657329426524015 
70.186200166173847 
73.874419117603225 
77.727916600620375 
81.752799086020602 
85.955353143624407 
90.342049446092233 
94.919546826567810 
99.694696388309524 
104.674545664726267 
109.866342828593261 
115.277540949666189 
120.915802300385309 
126.789002709826832 
132.905235966481257 
139.272818270777208 
145.900292738491686 
152.796433956285142 
159.970252590530521 
167.431000050376412 
175.188173205575424 
183.251519158991442 
191.631040072871571 
200.336998046873305 
209.379920044425802 
218.770602862399357 
228.520118137775938 
238.639817380606985 
249.141337015210979 
260.036603415742150 
271.337837908860536 
283.057561709558797 
295.208600765867288 
307.804090493361912 
320.857480139724942 
334.382536936431734 
348.393349779915354 
362.904332319110608 
377.930225254358561 
393.486097597941978 
409.587346576726077 
426.249695767917160 
443.489190943671304 
461.322192950363103 
479.765366751120155 
498.835665497014247 
518.550308134739794 
538.926748563036767 
559.982633647695138 
581.735746384737809 
604.203928975789381 
627.404978194339606 
651.356501668835904 
676.075718109497643 
701.579174375604566 
727.882334980246014 
754.998968880446682 
782.940200128085621 
811.712973323390884 
841.317440478741105 
871.742219402137152 
902.955082171065783 
934.882707742622074 
967.360349836410933 
1000.000000000000000 
0.000000000000000 
0.000000000000000 
0.000000000000000 
0.000000000000000 
0.000000000000000 
0.000000000000000 
0.000000000000000 
0.000000000000000 
0.000000000000000 
0.000000000000000 
0.000000000000000 
0.000000000000000 
0.000000000000000 
0.000000000000000 
0.000000000000000 
0.000000000000000 
0.000000000000000 
0.000000000000000 
0.000000000000000 
0.000000000000000 
0.000000000000000 
0.000000000000000 
0.000000000000000 
0.000000000000000 
0.000000000000000 
0.000000000000000 
0.000000000000000 
0.000000000000000 
0.000000000000000 
0.000000000000000 
0.000000000000000 
0.000000000000000 
0.000000000000000 
0.000000000000000 
0.000000000000000 
0.000000000000000 
0.000000000000000 
0.000000000000000 
0.000000000000000 
0.000000000000000 
0.000000000000000 
0.000000000000000 
0.000000000000000 
0.000000000000000 
0.000000000000000 
0.000000000000000 
0.000000000000000 
0.000000000000000 
0.000000000000000 
0.000000000000000 
0.000000000000000 
0.000000000000000 
0.000000000000000 
0.000000000000000 
0.000000000000000 
0.000000000000000 
0.000000000000000 
0.000000000000000 
0.000000000000000 
0.003198480252361 
0.013909910458152 
0.025802410887147 
0.038990330523783 
0.053598810835926 
0.069764682988130 
0.087636510949476 
0.107377428588803 
0.129165757592450 
0.153197597557535 
0.179765284817729 
0.212954506815543 
0.253796739617961 
0.298666721044683 
0.347993506473113 
0.402561439859851 
0.462420318847730 
0.527946184675605 
0.599684898403937 
0.681737607223116 
0.774502732846909 
0.875804141752468 
0.986618245461583 
1.107599792061540 
1.239494921464011 
1.384637445901071 
1.545369195615423 
1.720681696043232 
1.911201077547819 
2.117851964966496 
2.342444167344268 
2.587575153386384 
2.853694003626663 
3.141179390359765 
3.451429137853739 
3.786761945350020 
4.148740867501283 
4.538186463966423 
4.956724274464238 
5.406291989626457 
5.888346801132267 
6.404288708379028 
6.956044729022507 
7.545395040768987 
8.174270928177007 
8.844322121842515 
9.557518174206288 
10.315841592785677 
11.121281589699221 
11.975979219844181 
12.882109387928292 
13.841956906551140 
14.858001518400314 
15.932625871350048 
17.068391655122323 
18.267913619588278 
19.533942302400213 
20.869320590599418 
22.277010173770115 
23.760082889514656 
25.321726632061850 
26.965246191195227 
28.694066638406227 
30.511735714341746 
32.421926574516640 
34.428440689768564 
36.535230158271354 
38.746360543316776 
41.066016974893941 
43.498526849190100 
46.048361991641023 
48.720140068894196 
51.518626535667593 
54.448737551072526 
57.515543182931388 
60.724270766902279 
64.080308373725643 
67.589208367498856 
71.256691048363251 
75.088648376381627 
79.091147774097465 
83.270436005021566 
87.632943124797151 
92.185286501335483 
96.934274899919927 
101.886912629213128 
107.050403744265793 
112.432156303024101 
118.039786673426192 
123.881123888914047 
129.964214051017933 
136.297324778522750 
142.888949703541385 
149.747813015550264 
156.882874055035273 
164.303331958826476 
172.018630359464566 
180.038462141020631 
188.372774253713658 
197.031772589440465 
206.025926919970743 
215.365975899099908 
225.062932129465622 
235.128087294059696 
245.573017351659757 
256.409587794428717 
267.649958964747611 
279.306591426820546 
291.392251386644944 
303.920016151346829 
316.903279615442159 
330.355757756956621 
344.291494120094285 
358.724865252742916 
373.670586055739477 
389.143714985485872 
405.159659030819682 
421.734178357025314 
438.883390471940288 
456.623773717442191 
474.972169818819509 
493.945785126801013 
513.562190050350409 
533.839315984687914 
554.795448759855958 
576.449217227768827 
598.819574784277052 
621.925772375816678 
645.787316044658724 
670.423902645567978 
695.855323675571753 
722.101316731379939 
749.181330499008368 
777.114139489395257 
805.917182136795077 
835.605353091213033 
866.188623231436509 
897.666856067908611 
930.016849907110100 
963.150033754114702 
996.640719667779763 
0.693922976006328 
0.693922976006397 
0.693922976015126 
0.693922976156652 
0.693922977132489 
0.693922981376285 
0.693922995247855 
0.693923032612931 
0.693923120155023 
0.693923304765880 
0.693923663360888 
0.693924315465935 
0.693925438922106 
0.693927289054680 
0.693930221652893 
0.693934720106944 
0.693941427048812 
0.693951180843491 
0.693965057277373 
0.693984416790761 
0.694010957601681 
0.694046775068622 
0.694094427640341 
0.694157009741682 
0.694238231945325 
0.694342508780816 
0.694475054534027 
0.694641987392529 
0.694850442295454 
0.695108692850235 
0.695426282683499 
0.695814166599458 
0.696284861926582 
0.696852610442560 
0.697533551278610 
0.698345905217540 
0.699310170815942 
0.700449332799560 
0.701789083202981 
0.703358055750182 
0.705188074001686 
0.707314413827295 
0.709776080800438 
0.712616103151319 
0.715881840960797 
0.719625312324711 
0.723903537268538 
0.728778900243078 
0.734319532082001 
0.740617493488462 
0.747745080373134 
0.755784342696737 
0.764830983036407 
0.774988711533421 
0.786369766229466 
0.799095459691601 
0.813304404353135 
0.829194808463209 
0.846861906176137 
0.866469986775336 
0.888195604660670 
0.912292223256235 
0.938926678541637 
0.968297118712664 
1.000703080380983 
1.036396117375860 
1.075586734168057 
1.118685245571681 
1.165896202675932 
1.217644810082162 
1.274242787410643 
1.336270293733899 
1.404046363766475 
1.478112360937598 
1.558723725928262 
1.646498276214869 
1.741872283268958 
1.845418338836022 
1.957893717183190 
2.079717813874543 
2.211559517902479 
2.354295893294644 
2.508644523467241 
2.675288496410485 
2.855017507069760 
3.048650952670434 
3.257223946709539 
3.481569692226284 
3.722711596590653 
3.981676923055903 
4.259520264833680 
4.557366788190808 
4.876436131304083 
5.218021685757699 
5.583317998963276 
5.973618353386342 
6.390324571600362 
6.834900392690868 
7.308851394217378 
7.813739494086835 
8.351204394860510 
8.922955258285118 
9.530759073927280 
10.176442906526054 
10.861898184924526 
11.589098209737417 
12.360086165902441 
13.176981332585814 
14.041986630755481 
14.957385304999256 
15.925549905461576 
16.948939844804180 
18.030084600956702 
19.171612987643286 
20.376242479620796 
21.646791832176010 
22.986178640343585 
24.397424676735138 
25.883654669419659 
27.448103676003171 
29.094119118380338 
30.825163699597653 
32.644818589032724 
34.556786771891275 
36.564895127996564 
38.673099602669950 
40.885479141885682 
43.206243315858501 
45.639739741776864 
48.190455409262569 
50.863019560918389 
53.662207380666111 
56.592943490645126 
59.660305438316357 
62.869527229537397 
66.226002921856434 
69.735290282774557 
73.403114514793202 
77.235372047647161 
81.238134397151541 
85.417652089319219 
89.780358647792696 
94.332874642185061 
99.082011794668844 
104.034777142090917 
109.198377251021697 
114.580222483466599 
120.187931311433346 
126.029334679121021 
132.112480412140712 
138.445637673825189 
145.037301469303713 
151.896197198557104 
159.031285260101242 
166.451765707246096 
174.167082959045331 
182.186930568070636 
190.521256047040481 
199.180265756097469 
208.174429852189718 
217.514487301577617 
227.211450955934311 
237.276612691862908 
247.721548612868759 
258.558124311848132 
269.798500190959260 
281.455136834167774 
293.540800425745999 
306.068568205295719 
319.051833946273291 
332.504313440161525 
346.440049961909779 
360.873419683504778 
375.819136990690822 
391.292259641903911 
407.308193686983884 
423.882698034110831 
441.031888514025070 
458.772241236910304 
477.120594963767303 
496.094152112435665 
515.710477876056075 
535.987496729704958 
556.943485309403627 
578.597060224646498 
600.967158795946716 
624.073010210024904 
647.934090721398320 
672.570056376799130 
698.000641804868110 
724.245503675492728 
751.323972539771603 
779.254644936767932 
808.054680761875488 
837.738518970357745 
868.315349075690392 
899.783646237365247 
932.117798999414845 
965.225102699641411 
998.622463782494606 
0.000000000000000 
0.000000000000000 
0.000000000000000 
0.000000000000000 
0.000000000000000 
0.000000000000000 
0.000000000000000 
0.000000000000000 
0.000000000000000 
0.000000000000000 
0.000000000000000 
0.000000000000000 
0.000000000000000 
0.000000000000000 
0.000000000000000 
0.000000000000000 
0.000000000000000 
0.000000000000000 
0.000000000000000 
0.000000000000000 
0.000000000000000 
0.000000000000000 
0.000000000000000 
0.000000000000000 
0.000000000000000 
0.000000000000000 
0.000000000000000 
0.000000000000000 
0.000000000000000 
0.000000000000000 
0.000000000000000 
0.000000000000000 
0.000000000000000 
0.000000000000000 
0.000000000000000 
0.000000000000000 
0.000000000000000 
0.000000000000000 
0.000000000000000 
0.000000000000000 
0.000000000000000 
0.000000000000000 
0.000000000000000 
0.000000000000000 
0.000000000000000 
0.000000000000000 
0.000000000000000 
0.000000000000000 
0.000000000000000 
0.000000000000000 
0.000000000000000 
0.000000000000000 
0.000000000000000 
0.000000000000000 
0.000000000000000 
0.000000000000000 
0.000000000000000 
0.000000000000000 
0.000000000000000 
0.000000000000000 
0.007998481463891 
0.019804383811040 
0.032892341138757 
0.047384659248860 
0.063415128449994 
0.081129951960115 
0.100688460401435 
0.122265952041344 
0.146052201918807 
0.172255232613975 
0.201157132858296 
0.239866482842509 
0.284225487954412 
0.332896044838213 
0.386481653675358 
0.445558737204126 
0.510263775081140 
0.581020104107327 
0.658456851679740 
0.748234425910521 
0.848076767554526 
0.957057196774642 
1.076074040751554 
1.205856542333972 
1.347301687437405 
1.503148860419796 
1.675257774967942 
1.862546099464871 
2.065922470235058 
2.286346326168475 
2.525830832426251 
2.786864939843174 
3.069686729699859 
3.375181637292497 
3.704637544877929 
4.060401639950673 
4.444007719764740 
4.856361585312894 
5.299264558801758 
5.774706998907964 
6.284137402768157 
6.829034351051272 
7.411403026535419 
8.033075927140732 
8.695827309047143 
9.401879002384909 
10.152958447016555 
10.951136506474743 
11.798600482384913 
12.697455653353947 
13.650014364814602 
14.658614240880599 
15.725709690476158 
16.853931485155222 
18.045894315508527 
19.304317087373370 
20.632027481349386 
22.031962952068010 
23.507180643507731 
25.060851096696446 
26.696253153471460 
28.416787945215809 
30.225979225851763 
32.127476645197923 
34.125060368893230 
36.222640333343499 
38.424258135819890 
40.734090393433732 
43.156462252348199 
45.695842498408943 
48.356819135721864 
51.144131710735721 
54.062672050127652 
57.117486645314642 
60.313779591408476 
63.656915786822005 
67.152424298004235 
70.806001852308981 
74.623516441782130 
78.611011027981888 
82.774707340814217 
87.121009765515510 
91.656509312360143 
96.387987663832007 
101.322421294087334 
106.466985655652579 
111.829059428531266 
117.416228827269777 
123.236291962072897 
129.297263250758050 
135.607377879153717 
142.175096308443671 
149.009108828873394 
156.118340160108687 
163.511954099312248 
171.199358218649877 
179.190208614402081 
187.494414710146373 
196.122144116578284 
205.083827550458693 
214.390163814957106 
224.052124843285981 
234.080960807048257 
244.488205290139035 
255.285680528349303 
266.485502714032805 
278.100087364236970 
290.142154749550173 
302.624735379478977 
315.561175538309556 
328.965142863000835 
342.850631951435446 
357.231969985064438 
372.123822344223640 
387.541198186623205 
403.499455949081948 
420.014308718464633 
437.101829398792574 
454.778455575808835 
473.060993945438668 
491.966624125158773 
511.512901602156262 
531.717759481952612 
552.599508574724268 
574.176835177481053 
596.468795645594469 
619.494806676982193 
643.274629151057070 
667.828342633203192 
693.176306402835280 
719.339099975779618 
746.337431419560744 
774.191992965216173 
802.923225816139734 
832.550918313035709 
863.093473447813153 
894.566452126899321 
926.979296757433531 
960.325876294577256 
994.529923320104672 
0.724975027237115 
0.724975027237180 
0.724975027245792 
0.724975027385412 
0.724975028348094 
0.724975032534681 
0.724975046219259 
0.724975083080634 
0.724975169442618 
0.724975351564834 
0.724975705325815 
0.724976348640189 
0.724977456951661 
0.724979282143618 
0.724982175209110 
0.724986613022080 
0.724993229551642 
0.725002851861489 
0.725016541236404 
0.725035639778248 
0.725061822813975 
0.725097157458684 
0.725144167677256 
0.725205906189006 
0.725286033560773 
0.725388904835364 
0.725519664044217 
0.725684346955567 
0.725889992412613 
0.726144762620317 
0.726458072744460 
0.726840730193107 
0.727305083958379 
0.727865184406151 
0.728536953913008 
0.729338368763779 
0.730289652739800 
0.731413482847862 
0.732735207662962 
0.734283078784890 
0.736089514197652 
0.738200803175231 
0.740645028471389 
0.743464905494910 
0.746707448157963 
0.750424292044747 
0.754672035068091 
0.759512596421497 
0.765013594684288 
0.771248745985662 
0.778298283176600 
0.786249396993512 
0.795196700220100 
0.805242715859212 
0.816527095021825 
0.829186448282205 
0.843313345645097 
0.859048152566531 
0.876542038764084 
0.895964248180636 
0.917545061401930 
0.941416454241349 
0.967780057169933 
0.996909015222806 
1.029053420996987 
1.064396096282826 
1.103280945593574 
1.145976636680706 
1.192755897002960 
1.244054088915853 
1.300092540520362 
1.361490163546872 
1.428446555288041 
1.501814075140320 
1.581678017499122 
1.668631232307977 
1.763168556065791 
1.865748489612149 
1.977153373529587 
2.097888102023896 
2.228553268175506 
2.369906627482905 
2.522803117136182 
2.687942583748825 
2.866104164195372 
3.058049238782888 
3.264812088304241 
3.487221986028262 
3.726275766645106 
3.983035211120264 
4.258583209410327 
4.554018034795397 
4.870525586361866 
5.209386502816980 
5.571807932445682 
5.959108012973840 
6.372657624853924 
6.813912990830063 
7.284397039305899 
7.785675311770166 
8.319365663100459 
8.887166286432688 
9.490853344511379 
10.132258189482084 
10.813283506334272 
11.535909643093007 
12.302160085331185 
13.114156651492339 
13.974101244751385 
14.884263269023366 
15.847009754930367 
16.864787839560037 
17.940138072497717 
19.075704698263689 
20.274200337958607 
21.538433076479805 
22.871313892164537 
24.275885735968238 
25.755236365392300 
27.312580053780806 
28.951250847479926 
30.674697872792972 
32.486487578631213 
34.390312634087309 
36.389982481930083 
38.489431174432987 
40.692723240880781 
43.004055428064497 
45.427765829128887 
47.968329773496983 
50.630358731240960 
53.418608615235144 
56.337984312200099 
59.393543292784820 
62.590499102886014 
65.934224888806355 
69.430256988135824 
73.084298593541860 
76.902223490805085 
80.890079870639752 
85.054094212998720 
89.400675241989461 
93.936417949058409 
98.668107681718197 
103.602724294822110 
108.747446361257516 
114.109655438961809 
119.696940391365246 
125.517101758736999 
131.578156178422034 
137.888340852582644 
144.456118062740615 
151.290179731124226 
158.399452029485190 
165.793100036633774 
173.480532446423240 
181.471406328234394 
189.775631942209799 
198.403377611515623 
207.365074653806232 
216.671422373837800 
226.333393118826393 
236.362237397698664 
246.769489064842162 
257.566970568299894 
268.766798261593749 
280.381387777416649 
292.423459460270408 
304.906043853668905 
317.842487235600686 
331.246457193463584 
345.131948226328575 
359.513287357939362 
374.405139737875913 
389.822514200236810 
405.780768738397569 
422.295615839783636 
439.383127604974220 
457.059740548888158 
475.342259945814988 
494.247863531036273 
513.794104304437610 
533.998912088163479 
554.880593359354748 
576.457828693460442 
598.749666893217068 
621.775514672587406 
645.555119589866990 
670.108543296947573 
695.456120764707748 
721.618398052306702 
748.616036291096520 
776.469660172034082 
805.199610399121411 
834.825519045232227 
865.365531710558116 
896.834752100278365 
929.241722818162657 
962.578143507185814 
996.756997908696462 
0.000000000000000 
0.000000000000000 
0.000000000000000 
0.000000000000000 
0.000000000000000 
0.000000000000000 
0.000000000000000 
0.000000000000000 
0.000000000000000 
0.000000000000000 
0.000000000000000 
0.000000000000000 
0.000000000000000 
0.000000000000000 
0.000000000000000 
0.000000000000000 
0.000000000000000 
0.000000000000000 
0.000000000000000 
0.000000000000000 
0.000000000000000 
0.000000000000000 
0.000000000000000 
0.000000000000000 
0.000000000000000 
0.000000000000000 
0.000000000000000 
0.000000000000000 
0.000000000000000 
0.000000000000000 
0.000000000000000 
0.000000000000000 
0.000000000000000 
0.000000000000000 
0.000000000000000 
0.000000000000000 
0.000000000000000 
0.000000000000000 
0.000000000000000 
0.000000000000000 
0.000000000000000 
0.000000000000000 
0.000000000000000 
0.000000000000000 
0.000000000000000 
0.000000000000000 
0.000000000000000 
0.000000000000000 
0.000000000000000 
0.000000000000000 
0.000000000000000 
0.000000000000000 
0.000000000000000 
0.000000000000000 
0.000000000000000 
0.000000000000000 
0.000000000000000 
0.000000000000000 
0.000000000000000 
0.000000000000000 
0.002803340873057 
0.014544166385883 
0.027556284360624 
0.041960777922307 
0.057889327113635 
0.075485858422879 
0.094907158042125 
0.116323859128157 
0.139922708131664 
0.165907964726616 
0.194503647199858 
0.227897221704030 
0.271882028602413 
0.320103370271229 
0.372984683591891 
0.431304012694947 
0.495360046699896 
0.565399290678734 
0.641918467595948 
0.726743679705530 
0.824937823544486 
0.932588635566207 
1.050062436314458 
1.178174799595214 
1.317713305725564 
1.469983374834334 
1.638106239814699 
1.822883390937152 
2.023468527063634 
2.241079033583812 
2.476809445513988 
2.733055167103720 
3.011864336029523 
3.313289227971256 
3.638673787365785 
3.989429712745737 
4.367943871614067 
4.775524212173510 
5.213232289440439 
5.682946594235768 
6.186950640543230 
6.726478451851891 
7.303120272004799 
7.919026927994769 
8.576057755724943 
9.275938740646975 
10.021111869652724 
10.813408995880145 
11.654859019868409 
12.547810764287807 
13.494426263865460 
14.497083171047578 
15.558225252267210 
16.680374632552361 
17.866183801419247 
19.118506951746578 
20.440082257731412 
21.833876468108251 
23.302888740296375 
24.850285054304425 
26.479318718254326 
28.193378024828355 
29.995967969695030 
31.890722033863767 
33.881401871206727 
35.971900496681215 
38.166243546819949 
40.468592092262050 
42.883245381559604 
45.414645152322123 
48.067378208824920 
50.846195095475842 
53.755975274724186 
56.801742312750733 
59.988680407884900 
63.322135677854661 
66.807618781579322 
70.450808087616821 
74.257553110953026 
78.233878113115949 
82.385985823417599 
86.720261262611317 
91.243275659069383 
95.961790450815784 
100.882761367861889 
106.013342589639521 
111.360890972466933 
116.932970342146561 
122.737355847080906 
128.782038367747788 
135.075228978991959 
141.625363462347991 
148.441106866467692 
155.531358114626329 
162.905254659167497 
170.572177183569636 
178.541754353511664 
186.823867618867894 
195.428656068934231 
204.366521343377286 
213.648132601420684 
223.284431551630234 
233.286637544375139 
243.666252728632344 
254.435067274273166 
265.605164660356934 
277.188927029215620 
289.199040605251071 
301.648501176327954 
314.550619634353495 
327.919027570023331 
341.767682914600130 
356.110875618829482 
370.963233355433488 
386.339727226698415 
402.255677452103725 
418.726759002075710 
435.769007132044862 
453.398822754964272 
471.632977568799333 
490.488618826252264 
509.983273594177376 
530.134852295705969 
550.961651252921911 
572.482353843240958 
594.716029735958728 
617.682131515136803 
641.400487592394711 
665.891289803375685 
691.175073392467652 
717.272685827815963 
744.205238723049888 
771.994033279345672 
800.660442316578042 
830.225717015433929 
860.710653520696269 
892.134974088757531 
924.516049775457304 
957.865636668840807 
992.174070922981400 
0.755389777740584 
0.755389777740653 
0.755389777749262 
0.755389777888893 
0.755389778851642 
0.755389783038525 
0.755389796724066 
0.755389833588041 
0.755389919956117 
0.755390102091176 
0.755390455877104 
0.755391099236837 
0.755392207626447 
0.755394032947064 
0.755396926216432 
0.755401364341990 
0.755407981337288 
0.755417604323760 
0.755431294659892 
0.755450394540022 
0.755476579405270 
0.755511916509436 
0.755558929983188 
0.755620672740562 
0.755700805572733 
0.755803683775224 
0.755934451656375 
0.756099145277012 
0.756304803773978 
0.756559589623664 
0.756872918206081 
0.757255597035397 
0.757719975029687 
0.758280102200843 
0.758951900155630 
0.759753343810930 
0.760704654740642 
0.761828506588667 
0.763150243002523 
0.764698108565202 
0.766503493229801 
0.768601190791807 
0.771029671968392 
0.773831372692309 
0.777052998270047 
0.780745844099431 
0.784966133690091 
0.789775374780408 
0.795240734395060 
0.801435433736482 
0.808439163848639 
0.816355610046688 
0.825276758381898 
0.835293216745989 
0.846515542091985 
0.859063213716886 
0.873065195704743 
0.888660526869105 
0.906054525553686 
0.925385266955629 
0.946802457060368 
0.970492666925864 
0.996710257673541 
1.025676651042467 
1.057570177336146 
1.092688894226957 
1.131350197916480 
1.173741235953467 
1.220264670952911 
1.271180397440201 
1.326907425436310 
1.387821342976835 
1.454366024589669 
1.526975546942127 
1.606280930487089 
1.692585446493987 
1.786504024486086 
1.888416543401951 
1.998997595084968 
2.118928649115637 
2.248715828404863 
2.389050455949874 
2.540869892579616 
2.704851010837184 
2.881782580222669 
3.072485123745170 
3.277853671864837 
3.498820910863177 
3.736311328861454 
3.991387893854182 
4.265156556528279 
4.558745518449223 
4.873300743176505 
5.210092191186454 
5.570312602185110 
5.955305916229975 
6.366446732671642 
6.805164266230340 
7.272972780138479 
7.771461604148429 
8.302257962979427 
8.867033385153945 
9.467552178211914 
10.105661187036937 
10.783256490551649 
11.502308485651902 
12.264886402607486 
13.073088231494424 
13.929099596685646 
14.835212376744694 
15.793773223733499 
16.807230421345515 
17.878162188152849 
19.009181449935380 
20.202978805942415 
21.462393438526945 
22.790305346691913 
24.189734386533829 
25.663779228141191 
27.215654185610873 
28.848683681822102 
30.566307977424081 
32.372083818196458 
34.269690326329844 
36.262927940207589 
38.355721642805165 
40.552125334262087 
42.856324924775969 
45.272643512362244 
47.805543051760111 
50.459625809246937 
53.239640330446449 
56.150480868275224 
59.197191033249439 
62.384969211259097 
65.719172799070932 
69.205321966815120 
72.849103346313242 
76.656373751343466 
80.633163959601319 
84.785682564700693 
89.120319899971889 
93.643652033437277 
98.362444832239063 
103.283658094147839 
108.414449743356897 
113.762180087523944 
119.334416132956193 
125.138935954947868 
131.183733120567240 
137.477021161638589 
144.027238096228160 
150.843050997608373 
157.933360610357681 
165.307306013933157 
172.974269334676507 
180.943880507730995 
189.226022090750007 
197.830834131536022 
206.768719091855672 
216.050346829655155 
225.686659641730500 
235.688877368627743 
246.068502563163520 
256.837325723457013 
268.007430590785702 
279.591199511861987 
291.601318864285474 
304.050784542886106 
316.952907503364600 
330.321319357986340 
344.169978015893776 
358.513173357750816 
373.365532930612119 
388.742027643809138 
404.657977439818239 
421.129056904886738 
438.171300771865219 
455.801109251112223 
474.035253102948104 
492.890878334898161 
512.385510365801338 
532.537057442548985 
553.363813017382654 
574.884456685250257 
597.118053129559712 
620.084048366678985 
643.802262121918830 
668.292874671383970 
693.576405768331028 
719.673681912921211 
746.605785936440952 
774.393978760738719 
803.059575335047157 
832.623740673858947 
863.107136242713295 
894.529259294306939 
926.907067568986690 
960.251408890993616 
994.549097639753654 
0.000000000000000 
0.000000000000000 
0.000000000000000 
0.000000000000000 
0.000000000000000 
0.000000000000000 
0.000000000000000 
0.000000000000000 
0.000000000000000 
0.000000000000000 
0.000000000000000 
0.000000000000000 
0.000000000000000 
0.000000000000000 
0.000000000000000 
0.000000000000000 
0.000000000000000 
0.000000000000000 
0.000000000000000 
0.000000000000000 
0.000000000000000 
0.000000000000000 
0.000000000000000 
0.000000000000000 
0.000000000000000 
0.000000000000000 
0.000000000000000 
0.000000000000000 
0.000000000000000 
0.000000000000000 
0.000000000000000 
0.000000000000000 
0.000000000000000 
0.000000000000000 
0.000000000000000 
0.000000000000000 
0.000000000000000 
0.000000000000000 
0.000000000000000 
0.000000000000000 
0.000000000000000 
0.000000000000000 
0.000000000000000 
0.000000000000000 
0.000000000000000 
0.000000000000000 
0.000000000000000 
0.000000000000000 
0.000000000000000 
0.000000000000000 
0.000000000000000 
0.000000000000000 
0.000000000000000 
0.000000000000000 
0.000000000000000 
0.000000000000000 
0.000000000000000 
0.000000000000000 
0.000000000000000 
0.000000000000000 
0.000000000000000 
0.000000000000000 
0.000000000000000 
0.000509027497645 
0.015282984795732 
0.031713200079747 
0.049978886369623 
0.070280349638483 
0.092838694181959 
0.117902339548578 
0.145753900915517 
0.176733371687507 
0.212996896268583 
0.253512718363464 
0.298634584872960 
0.353849163052073 
0.419021424720282 
0.490927546264521 
0.570503813636883 
0.659305569808013 
0.757898930512806 
0.867292926094525 
0.987776344760059 
1.123230294317982 
1.273417783110948 
1.438535723791896 
1.619556909449106 
1.817264964020515 
2.032771003122880 
2.268893168598065 
2.525889718104783 
2.804370871079998 
3.105757610155147 
3.431401917064901 
3.782882461437893 
4.160979697190532 
4.567348516027362 
5.003428161531458 
5.470480649557743 
5.969893542939007 
6.503336652743351 
7.072535162239177 
7.679068197744503 
8.324649696155621 
9.011109459000128 
9.740328103527364 
10.514293748250022 
11.335066822166851 
12.204861096502878 
13.125928570721381 
14.100548456177481 
15.131139210201439 
16.220203886542979 
17.370352717128082 
18.584292556922904 
19.864834307559516 
21.214893625248180 
22.637493874162878 
24.135768389310368 
25.712962875417809 
27.372449074577943 
29.117719441679082 
30.952353763421591 
32.880067170970364 
34.904704175280116 
37.030239981746803 
39.260781890451980 
41.600570676577320 
44.053984752963409 
46.625543548616221 
49.319910572567423 
52.141896725403555 
55.096463781208286 
58.188727918987141 
61.423963298466795 
64.807605690735059 
68.345256170487474 
72.042684872612270 
75.905834813362119 
79.940825774938048 
84.153958251494316 
88.551717454139805 
93.140777372362194 
97.928004889378727 
102.920463949192481 
108.125419773550391 
113.550343127529530 
119.202914633058640 
125.091029130266975 
131.222800087096545 
137.606564058067050 
144.250885193410141 
151.164559799973858 
158.356620955301196 
165.836343176109892 
173.613247142031696 
181.697104474885606 
190.097942572957322 
198.826049498701821 
207.891978924768864 
217.306555099462798 
227.080877811143750 
237.226327570817034 
247.754570610582732 
258.677563948876468 
270.007560430200328 
281.757113703505809 
293.939083081244462 
306.566638405242713 
319.653264439360555 
333.212765124938358 
347.259267374658748 
361.807224297592370 
376.871417665620243 
392.466959377531452 
408.609291608036756 
425.314185240051813 
442.597736063465618 
460.476358073013444 
478.966772998493639 
498.085994932487552 
517.851308553614331 
538.280238929842426 
559.390510150508817 
581.199988939764467 
603.726607783011445 
626.988259809747547 
651.002652739989344 
675.787103594275209 
701.358244223362703 
727.731586697584362 
754.920859707785326 
782.936950772089176 
811.786126285486489 
841.466822914895943 
871.963325163394302 
903.231759079047606 
935.163849406401823 
967.472965933433215 
999.326414220799506 
0.628076329662057 
0.628076329662127 
0.628076329671008 
0.628076329815001 
0.628076330807852 
0.628076335125637 
0.628076349239056 
0.628076387255580 
0.628076476323946 
0.628076664153439 
0.628077029000454 
0.628077692474783 
0.628078835518138 
0.628080717907372 
0.628083701634928 
0.628088278519073 
0.628095102396517 
0.628105026250197 
0.628119144625090 
0.628138841685239 
0.628165845265513 
0.628202287272174 
0.628250770787099 
0.628314444231484 
0.628397082946316 
0.628503178548761 
0.628638036426069 
0.628807881731824 
0.629019974253520 
0.629282732525612 
0.629605867568871 
0.630000526645018 
0.630479447425733 
0.631057122987446 
0.631749978058313 
0.632576556961464 
0.633557723719995 
0.634716874813810 
0.636080165107455 
0.637676747501084 
0.639539026894428 
0.641702929095571 
0.644208185352759 
0.647098633237560 
0.650422534660704 
0.654232911856619 
0.658587902227015 
0.663551132985259 
0.669201262788781 
0.675616476492570 
0.682870428184186 
0.691053138237075 
0.700262338896853 
0.710603989135148 
0.722192816099211 
0.735152883843275 
0.749699516581246 
0.765909238335957 
0.783933741826537 
0.803941265264225 
0.826157933576887 
0.850762933284958 
0.877940603725000 
0.907970035207186 
0.941109061429570 
0.977550215279219 
1.017794505935451 
1.061959548354660 
1.110486761296229 
1.163655540038818 
1.221916505711885 
1.285581829583066 
1.355151767848457 
1.430927415933972 
1.513531941366522 
1.603392369654824 
1.701013113570663 
1.807187761508655 
1.922289063793079 
2.046961004812632 
2.181974635395040 
2.328092585040342 
2.485913428876351 
2.656221302346597 
2.839841063083419 
3.037653007606248 
3.250587224724213 
3.479550392043024 
3.725513567351693 
3.989498830901494 
4.272591790295525 
4.575938657796868 
4.900733859583854 
5.248211683941838 
5.619659596305123 
6.016357409899654 
6.439697481630472 
6.891126284196359 
7.372154806663011 
7.884360962499118 
8.429382397523458 
9.008916687185081 
9.624729635949960 
10.278657128070487 
10.972605873927158 
11.708557511476705 
12.488570323124527 
13.314781291131332 
14.189406472106246 
15.114740117883908 
16.093160956117543 
17.127135670887505 
18.219219910781430 
19.372062968906526 
20.588409553880396 
21.871103269939244 
23.223088940308521 
24.647415439591640 
26.147238545052531 
27.725824477844853 
29.386552530985583 
31.132916544628397 
32.968526745070740 
34.897115611724487 
36.922540331217235 
39.048785138966267 
41.279963810212145 
43.620323904708336 
46.074250138848292 
48.646267313178008 
51.341043713202041 
54.163394635256374 
57.118285903104095 
60.210837418371597 
63.446326762312765 
66.830192855558039 
70.368039678391213 
74.065640052141447 
77.928939481175803 
81.964060054285653 
86.177304403826611 
90.575159720736551 
95.164301823504758 
99.951599279268777 
104.944117575466066 
110.149123340820580 
115.574088614878235 
121.226695165773890 
127.114838856371335 
133.246634059342227 
139.630418122083313 
146.274755882603017 
153.188444237605637 
160.380516763943064 
167.860248394382324 
175.637160148236717 
183.721023916805507 
192.121867302748143 
200.849978511443936 
209.915911290769600 
219.330489913836800 
229.104814200290775 
239.250264566685047 
249.778507081915848 
260.701498520351208 
272.031491385059894 
283.781038870848988 
295.962999733431786 
308.590543003800008 
321.677152433052584 
335.236630660510514 
349.283102932917643 
363.831020236019867 
378.895161644329733 
394.490635639886932 
410.632880080347547 
427.337660405936958 
444.621065557048837 
462.499500920006881 
480.989677413844902 
500.108595555111492 
519.873522958879107 
540.301963202757292 
561.411613217677768 
583.220305246577823 
605.745927720570990 
629.006316675686776 
653.019104942599711 
677.801509714389454 
703.370026673589336 
729.739976811694532 
756.924810890529102 
784.934993272969450 
813.776106910481417 
843.445394827644805 
873.924819428194155 
905.165215335393441 
937.042761054218090 
969.198947190337321 
1000.000000000000000 
0.000000000000000 
0.000000000000000 
0.000000000000000 
0.000000000000000 
0.000000000000000 
0.000000000000000 
0.000000000000000 
0.000000000000000 
0.000000000000000 
0.000000000000000 
0.000000000000000 
0.000000000000000 
0.000000000000000 
0.000000000000000 
0.000000000000000 
0.000000000000000 
0.000000000000000 
0.000000000000000 
0.000000000000000 
0.000000000000000 
0.000000000000000 
0.000000000000000 
0.000000000000000 
0.000000000000000 
0.000000000000000 
0.000000000000000 
0.000000000000000 
0.000000000000000 
0.000000000000000 
0.000000000000000 
0.000000000000000 
0.000000000000000 
0.000000000000000 
0.000000000000000 
0.000000000000000 
0.000000000000000 
0.000000000000000 
0.000000000000000 
0.000000000000000 
0.000000000000000 
0.000000000000000 
0.000000000000000 
0.000000000000000 
0.000000000000000 
0.000000000000000 
0.000000000000000 
0.000000000000000 
0.000000000000000 
0.000000000000000 
0.000000000000000 
0.000000000000000 
0.000000000000000 
0.000000000000000 
0.000000000000000 
0.000000000000000 
0.000000000000000 
0.000000000000000 
0.000000000000000 
0.000000000000000 
0.000000000000000 
0.000000000000000 
0.000000000000000 
0.000000000000000 
0.000000000000000 
0.003941588477875 
0.020076481591950 
0.037995819838165 
0.057888269327044 
0.079965341704540 
0.104464053490656 
0.131649052637286 
0.161810606200912 
0.195581102270061 
0.234689011736986 
0.278388783508450 
0.327254117198127 
0.386826880135288 
0.456779760989831 
0.533885607785920 
0.619020627022181 
0.714007314476334 
0.819225899997879 
0.935919542007730 
1.064280321214669 
1.207875868358071 
1.367547371748392 
1.542682874443035 
1.734620551191644 
1.944168204346209 
2.172198446337904 
2.421389427529647 
2.693132998542442 
2.987361582424740 
3.305220800297588 
3.648602507186906 
4.019145141778512 
4.417801847808938 
4.845591943561166 
5.304594036378036 
5.796236604763155 
6.321689435399183 
6.882649123975806 
7.480914713962052 
8.118171539314625 
8.796366788035828 
9.517243264300667 
10.282786371605562 
11.095045160596580 
11.956142144145790 
12.868301733466753 
13.833838656029780 
14.855244242542714 
15.934979518201930 
17.075628813265887 
18.279868466021480 
19.550489030921078 
20.890380120324405 
22.302541693500928 
23.790082650973641 
25.356222793998892 
27.004295680374611 
28.737752529348221 
30.560165043857925 
32.475228510834661 
34.486772646937283 
36.598765202646362 
38.815269167623569 
41.140492356469998 
43.578781942553142 
46.134627962476756 
48.812664037303733 
51.617670402847168 
54.554577475529570 
57.628469401397624 
60.844587587433423 
64.208334262310160 
67.725276094225322 
71.401147877798678 
75.241856294085650 
79.253483744037013 
83.442292253883750 
87.814727449895344 
92.377422599344101 
97.137202714171181 
102.101088713768490 
107.276301643428965 
112.670266945377307 
118.290618779830567 
124.145204394209159 
130.242088539380120 
136.589557932594573 
143.196125767533005 
150.070536272544928 
157.221769318716611 
164.659045079798176 
172.391828746266015 
180.429835295863541 
188.783034322888113 
197.461654928265176 
206.476190672100699 
215.837404589950580 
225.556334273470156 
235.644297015434972 
246.112895018319477 
256.974020664633031 
268.239861846015287 
279.922907346541308 
292.035952273697490 
304.592103527844813 
317.604785297470812 
331.087744562802186 
345.055056583982378 
359.521130341427465 
374.500713884383572 
390.008899528049085 
406.061128818500038 
422.673197156023093 
439.861257928665566 
457.641825954863407 
476.031779961364805 
495.048363722042041 
514.709185342019964 
535.032213970528801 
556.035772933798057 
577.738527843516977 
600.159462825905848 
623.317859605012131 
647.233252386049116 
671.925355723144662 
697.413964798501866 
723.718796721277158 
750.859236480391814 
778.853913690385525 
807.719959144149470 
837.471605485849750 
868.117302536656553 
899.653002501188553 
932.043761265225612 
965.156394755142742 
998.321285286549937 
0.654193509921605 
0.654193509921672 
0.654193509930403 
0.654193510071920 
0.654193511047700 
0.654193515291250 
0.654193529162009 
0.654193566524902 
0.654193654061889 
0.654193838661971 
0.654194197236056 
0.654194849303062 
0.654195972693718 
0.654197822718458 
0.654200755145889 
0.654205253338331 
0.654211959890956 
0.654221713121273 
0.654235588755751 
0.654254947160709 
0.654281486465010 
0.654317301922522 
0.654364951863189 
0.654427530582625 
0.654508748521402 
0.654613020087336 
0.654745559476438 
0.654912484851510 
0.655120931241587 
0.655379172530736 
0.655696752911419 
0.656084628186082 
0.656555317310752 
0.657123064587213 
0.657804012925385 
0.658616388615865 
0.659580698074170 
0.660719937043788 
0.662059812774619 
0.663628979727596 
0.665459289394976 
0.667592322757475 
0.670067251306075 
0.672922682564562 
0.676206282333042 
0.679970415466969 
0.684272495579885 
0.689175354172528 
0.694747630159266 
0.701064180803669 
0.708206515102904 
0.716263250670513 
0.725330595152305 
0.735512853163964 
0.746976544451238 
0.759798593772019 
0.774109431690411 
0.790051960238366 
0.807780158311508 
0.827530440734360 
0.849435300504616 
0.873669117167160 
0.900463273585646 
0.930101882794367 
0.962741055083463 
0.998694333548702 
1.038263835281283 
1.081666554646692 
1.129485904214068 
1.181777161857050 
1.239245179176685 
1.301961062952615 
1.370573652001695 
1.445316683148612 
1.526755283963178 
1.615388328081196 
1.711667171214690 
1.816352124051194 
1.929922014289607 
2.052939133384927 
2.186090606854022 
2.330252179258670 
2.486031238131948 
2.654186057833755 
2.835503207552216 
3.030874657396521 
3.241202159338525 
3.467365263525143 
3.710376435239725 
3.971276621083836 
4.251130651653741 
4.551052081156408 
4.872241635227874 
5.215966524716676 
5.583424017818380 
5.975923522211846 
6.394853570376489 
6.841674386979975 
7.317891966733638 
7.825065991940379 
8.364829590778815 
8.938887777291392 
9.549007797340291 
10.197021401073194 
10.884829325892799 
11.614404381330310 
12.387796799956371 
13.207134368600347 
14.074626773242066 
14.992566542823077 
15.963333950749988 
16.989395028938706 
18.073293552668357 
19.217668799261055 
20.425250696287030 
21.698868499036159 
23.041451494886690 
24.456032272243515 
25.945745600729055 
27.513836704290121 
29.163663223512248 
30.898698086834884 
32.722532827451616 
34.638881229023667 
36.651580130192968 
38.764593351821013 
40.982009063024137 
43.308048576407757 
45.747071359334541 
48.303575656288594 
50.982201844383937 
53.787736381037874 
56.725115407473112 
59.799428283021314 
63.015921142302531 
66.380000503938405 
69.897236941074510 
73.573368817554041 
77.414306090837314 
81.426134181320819 
85.615117906786196 
89.987705480068200 
94.550532567584654 
99.310426406121991 
104.274409975214965 
109.449706222581483 
114.843742340387081 
120.464154090559958 
126.318790177934858 
132.415716670631781 
138.763221467708661 
145.369818814732298 
152.244253868450585 
159.395507312174203 
166.832800023779441 
174.565597798416690 
182.603616128033764 
190.956825039726453 
199.635453994699105 
208.649996849286538 
218.011216879052625 
227.730151866431925 
237.818119251728490 
248.286721346492186 
259.147850607302871 
270.413694966776404 
282.096743217008736 
294.209790438616096 
306.765943465780651 
319.778626374048201 
333.261585972702335 
347.228897276906366 
361.694968925875855 
376.674548501290133 
392.182727683901078 
408.234947164360733 
424.847001194588529 
442.035041625725114 
459.815581223742470 
478.205495978255101 
497.222026015295683 
516.882774577494388 
537.205704324677299 
558.209129900896642 
579.911705252229126 
602.332403577154196 
625.490487460006420 
649.405462056831993 
674.097004401895902 
699.584856333808375 
725.888656966828762 
753.027673060687221 
781.020346432789438 
809.883490754986042 
839.630757525662830 
870.269403717032901 
901.792491328832057 
934.155996218642258 
967.188578367644368 
1000.000000000000000 
0.000000000000000 
0.000000000000000 
0.000000000000000 
0.000000000000000 
0.000000000000000 
0.000000000000000 
0.000000000000000 
0.000000000000000 
0.000000000000000 
0.000000000000000 
0.000000000000000 
0.000000000000000 
0.000000000000000 
0.000000000000000 
0.000000000000000 
0.000000000000000 
0.000000000000000 
0.000000000000000 
0.000000000000000 
0.000000000000000 
0.000000000000000 
0.000000000000000 
0.000000000000000 
0.000000000000000 
0.000000000000000 
0.000000000000000 
0.000000000000000 
0.000000000000000 
0.000000000000000 
0.000000000000000 
0.000000000000000 
0.000000000000000 
0.000000000000000 
0.000000000000000 
0.000000000000000 
0.000000000000000 
0.000000000000000 
0.000000000000000 
0.000000000000000 
0.000000000000000 
0.000000000000000 
0.000000000000000 
0.000000000000000 
0.000000000000000 
0.000000000000000 
0.000000000000000 
0.000000000000000 
0.000000000000000 
0.000000000000000 
0.000000000000000 
0.000000000000000 
0.000000000000000 
0.000000000000000 
0.000000000000000 
0.000000000000000 
0.000000000000000 
0.000000000000000 
0.000000000000000 
0.000000000000000 
0.000000000000000 
0.000000000000000 
0.000000000000000 
0.000000000000000 
0.000000000000000 
0.000000000000000 
0.010243487138232 
0.027917002754758 
0.047519795438975 
0.069256330860959 
0.093355370065178 
0.120066911939208 
0.149671984072834 
0.182487891698214 
0.219630933129847 
0.262260973673558 
0.309662800885992 
0.362923989505820 
0.429338598642403 
0.504852776595393 
0.587970504099516 
0.679692836849031 
0.782188862285541 
0.895329475329568 
1.020659530516990 
1.158356993844796 
1.312605264021645 
1.483433166376169 
1.670583298595606 
1.875382659925025 
2.098754659546382 
2.341636499886608 
2.606618703809954 
2.895514775486830 
3.207945209040854 
3.545199994654151 
3.908974222554247 
4.301468270846865 
4.723524512601168 
5.176070985912419 
5.660898429089796 
6.180278711221868 
6.735063553384164 
7.326895648189087 
7.957775395585683 
8.629389329789403 
9.343697304796182 
10.102743311317738 
10.908407798176880 
11.762873741123570 
12.668325171547099 
13.627057062259738 
14.641463109232184 
15.714029534113401 
16.847402324252403 
18.044272794410215 
19.307390463479919 
20.639636180501917 
22.043987707407496 
23.523543547432681 
25.081508825629619 
26.721195526069771 
28.446034511298542 
30.259576841682509 
32.165496892807127 
34.167600681262272 
36.269818303687380 
38.476206740387170 
40.790958444211732 
43.218429732637048 
45.763077119621329 
48.429511517293044 
51.222490261320644 
54.146920493672972 
57.207862857020004 
60.410535039467462 
63.760315264833991 
67.262745813972046 
70.923536615664119 
74.748568920281329 
78.743899058785345 
82.915762285594923 
87.270576702289063 
91.814947258447106 
96.555669825567605 
101.499735339806051 
106.654334009202188 
112.026859581161645 
117.624913666225780 
123.456310114618901 
129.529079442686793 
135.851473307096057 
142.431969025504571 
149.279274143282748 
156.402331046698720 
163.810321623717130 
171.512671974184570 
179.519057171610285 
187.839406079026503 
196.483906221502735 
205.463008717806986 
214.787433273485334 
224.468173237268360 
234.516500722251351 
244.943971792735226 
255.762431716946708 
266.984020285105373 
278.621177191397351 
290.686647477316910 
303.193487032496137 
316.155068147377506 
329.585085109838872 
343.497559834848118 
357.906847512211471 
372.827642252075805 
388.274982700575208 
404.264257588243368 
420.811211160612061 
437.931948422691676 
455.642940105050400 
473.961027226781368 
492.903425086605580 
512.487726453063942 
532.731903641637473 
553.654309050703773 
575.273673565148442 
597.609102004300894 
620.680064613344825 
644.506382671030224 
669.108205631450573 
694.505976120767855 
720.720376656798635 
747.772248007933513 
775.682461789904664 
804.471715495319927 
834.160187828864764 
864.766922868793472 
896.308635333929601 
928.797104089856020 
962.231905755770413 
996.560151346400062 
0.681620393181821 
0.681620393181890 
0.681620393190566 
0.681620393331237 
0.681620394301168 
0.681620398519289 
0.681620412306935 
0.681620449445944 
0.681620536458391 
0.681620719952316 
0.681621076377760 
0.681621724537457 
0.681622841196538 
0.681624680135553 
0.681627594991239 
0.681632066229411 
0.681638732594489 
0.681648427380175 
0.681662219866100 
0.681681462265340 
0.681707842528159 
0.681743443347774 
0.681790807714657 
0.681853011366824 
0.681933742484887 
0.682037388982364 
0.682169133744003 
0.682335058167882 
0.682542254370821 
0.682798946421544 
0.683114620972044 
0.683500167665312 
0.683968029706814 
0.684532364998717 
0.685209218249576 
0.686016704488925 
0.686975204435954 
0.688107572194744 
0.689439355775674 
0.690999030973965 
0.692818249172076 
0.694932099672916 
0.697379387215719 
0.700202925375410 
0.703449846599018 
0.707171929688113 
0.711425945592941 
0.716274022439793 
0.721784030765620 
0.728029989979282 
0.735092497102956 
0.743092371209427 
0.752099928287231 
0.762214809735153 
0.773549128093504 
0.786224111182940 
0.800370685276999 
0.816150904941077 
0.833755858204512 
0.853297660567431 
0.874953001703207 
0.898933307159213 
0.925511810272195 
0.954824257169094 
0.987121280697097 
1.022771834393633 
1.061920411555458 
1.104942067702635 
1.152129317509576 
1.203891856433202 
1.260715194858474 
1.322820249204604 
1.390690329905582 
1.464725598984202 
1.545327544401066 
1.633118829636236 
1.728492010405601 
1.832113866140540 
1.944596013329847 
2.066445048233865 
2.198326892091920 
2.341088105998891 
2.495381388669996 
2.661974407965124 
2.841667568051516 
3.035284161287976 
3.243759518237587 
3.467947533765465 
3.708841254011956 
3.967492634734593 
4.244998658372360 
4.542474327674638 
4.861079922272543 
5.202046964129354 
5.566594686787062 
5.956058513308805 
6.371805704360895 
6.815272584888838 
7.287973435862698 
7.791485151306643 
8.327426565601685 
8.897480052908708 
9.503417954371006 
10.147077304020822 
10.830359393282565 
11.555242877002181 
12.323767276464688 
13.138052549018823 
14.000306022237964 
14.912808015340167 
15.877930797399289 
16.898131706662550 
17.975962316081407 
19.114073511736809 
20.315190270953021 
21.582130554475963 
22.917817947689972 
24.325288397671034 
25.807653478687676 
27.368142106772130 
29.010097710811213 
30.736978587190755 
32.552360281815325 
34.459950424018793 
36.463563702777392 
38.567139024070151 
40.774750238587743 
43.090603711023299 
45.519049638963985 
48.064571041879688 
50.731789104909453 
53.525469839165886 
56.450528348120741 
59.512032478409111 
62.715206357859813 
66.065433951298075 
69.568262672322533 
73.229407063285123 
77.054752547257493 
81.050359252613546 
85.222465909435002 
89.577493816134037 
94.122050874110457 
98.862935687816119 
103.807141727291338 
108.961861550067695 
114.334491079342854 
119.932633935508960 
125.764105818482165 
131.836938938784897 
138.159386495963190 
144.739927203612439 
151.587269861006519 
158.710357971999031 
166.118374412464846 
173.820746148045600 
181.827149004292920 
190.147512491510923 
198.792024686633738 
207.771137174375184 
217.095570049664218 
226.776316983030142 
236.824650350169577 
247.252126426393659 
258.070590646014352 
269.292182926001885 
280.929343052348486 
292.994816126470653 
305.501658067627261 
318.463241165519719 
331.893259674941191 
345.805735441213528 
360.215023541018866 
375.135817917669783 
390.583156982378341 
406.572429143044246 
423.119378208517332 
440.240108598109657 
457.951090261522779 
476.269163181107274 
495.211541283207964 
514.795815523496231 
535.039955825881407 
555.962311435523930 
577.581609078875431 
599.916948088630306 
622.987791476550001 
646.813950906653076 
671.415562952300320 
696.813052846629716 
723.027079323604539 
750.078450059405213 
777.987989540444687 
806.776326019626026 
836.463532183003394 
867.068480569530834 
898.607586928621913 
931.092051242826983 
964.520074316291584 
998.832690107248482 
0.000000000000000 
0.000000000000000 
0.000000000000000 
0.000000000000000 
0.000000000000000 
0.000000000000000 
0.000000000000000 
0.000000000000000 
0.000000000000000 
0.000000000000000 
0.000000000000000 
0.000000000000000 
0.000000000000000 
0.000000000000000 
0.000000000000000 
0.000000000000000 
0.000000000000000 
0.000000000000000 
0.000000000000000 
0.000000000000000 
0.000000000000000 
0.000000000000000 
0.000000000000000 
0.000000000000000 
0.000000000000000 
0.000000000000000 
0.000000000000000 
0.000000000000000 
0.000000000000000 
0.000000000000000 
0.000000000000000 
0.000000000000000 
0.000000000000000 
0.000000000000000 
0.000000000000000 
0.000000000000000 
0.000000000000000 
0.000000000000000 
0.000000000000000 
0.000000000000000 
0.000000000000000 
0.000000000000000 
0.000000000000000 
0.000000000000000 
0.000000000000000 
0.000000000000000 
0.000000000000000 
0.000000000000000 
0.000000000000000 
0.000000000000000 
0.000000000000000 
0.000000000000000 
0.000000000000000 
0.000000000000000 
0.000000000000000 
0.000000000000000 
0.000000000000000 
0.000000000000000 
0.000000000000000 
0.000000000000000 
0.000000000000000 
0.000000000000000 
0.000000000000000 
0.000000000000000 
0.000000000000000 
0.001658866310136 
0.019147005394004 
0.038532457065706 
0.060014960193189 
0.083812028704030 
0.110167669090246 
0.139355840387791 
0.171678982328690 
0.207572012936687 
0.248769468398236 
0.295314957366117 
0.346894609020499 
0.406311782587012 
0.480617622084228 
0.562360950476846 
0.652244690950327 
0.751786503758659 
0.862689621416841 
0.984987819730233 
1.120054408775977 
1.268694344174413 
1.435454330902303 
1.618960333110730 
1.819770200878943 
2.039126682659510 
2.278101885804273 
2.537778712221606 
2.821009741468431 
3.129070187880388 
3.461846087602750 
3.820718510487527 
4.207457740978773 
4.624484239228188 
5.072374082096861 
5.552232434155642 
6.065883143949611 
6.615711619941179 
7.202647723926042 
7.828361327728072 
8.494909502545749 
9.204073007062407 
9.957746402264014 
10.758298548895123 
11.607534796686668 
12.507730228648260 
13.461185283591671 
14.470239357079421 
15.537389227209701 
16.665198556631111 
17.856357138780197 
19.113730977641502 
20.440154517855312 
21.838617051403517 
23.312163905483175 
24.863993796219788 
26.497398682032127 
28.215798752044357 
30.022730612264859 
31.921855706269348 
33.916961999756211 
36.011966053284659 
38.210914362397489 
40.517987027752753 
42.937500968167065 
45.473914773632181 
48.131837756361314 
50.916029470729924 
53.831371886762341 
56.882908602304838 
60.075840145233059 
63.415527128529604 
66.907493825586215 
70.557431816224181 
74.371203666189373 
78.354846660218172 
82.514576605248365 
86.856791711087965 
91.388076550004627 
96.115206093715884 
101.045149824799324 
106.185075918807840 
111.542355493030811 
117.124566917760632 
122.939500186061878 
128.995161338391256 
135.299776938944120 
141.861798601286978 
148.689907561622761 
155.793019298874640 
163.180288201598870 
170.861112282510646 
178.845137942056624 
187.142264782984739 
195.762650478208229 
204.716715694432168 
214.015149074024748 
223.668912277462880 
233.689245088399275 
244.087670583001341 
254.876000364695358 
266.066339864855252 
277.671093709251807 
289.702971149242387 
302.174991555669351 
315.100489972180242 
328.493122723110503 
342.366873069021153 
356.736056900289896 
371.615328455602480 
387.019686047394202 
402.964477769925224 
419.465407157058621 
436.538538745268568 
454.200303481868559 
472.467503897487120 
491.357318933509760 
510.887308276752606 
531.075416001096983 
551.939973243462191 
573.499699540957863 
595.773702316018671 
618.781473843529852 
642.542884649052326 
667.078171809436867 
692.407919978635164 
718.553031780550441 
745.534682203198713 
773.374248069100759 
802.093196941827841 
831.712906282193444 
862.254354081005204 
893.737550818040518 
926.180383134513249 
959.595707993055385 
993.977577746659790 
0.709283721427056 
0.709283721427124 
0.709283721435714 
0.709283721574998 
0.709283722535370 
0.709283726711906 
0.709283740363625 
0.709283777136502 
0.709283863291146 
0.709284044976112 
0.709284397887763 
0.709285039657634 
0.709286145308229 
0.709287966118232 
0.709290852238099 
0.709295279397063 
0.709301880042621 
0.709311479253719 
0.709325135768973 
0.709344188471526 
0.709370308672481 
0.709405558535419 
0.709452455985143 
0.709514046444806 
0.709593981746996 
0.709696606566024 
0.709827052721066 
0.709991341702926 
0.710196495781016 
0.710450658052274 
0.710763221799946 
0.711144969538042 
0.711608222126995 
0.712166998357816 
0.712837185416420 
0.713636720656997 
0.714585785133805 
0.715707009364801 
0.717025691828806 
0.718570030730294 
0.720371369603147 
0.722464457366621 
0.724887723493543 
0.727683569002010 
0.730898674037183 
0.734584322868191 
0.738817233050692 
0.743652150597844 
0.749147078088791 
0.755375784094942 
0.762418583700175 
0.770362786776377 
0.779303170295357 
0.789342475717352 
0.800591932443212 
0.813177855341635 
0.827272835959635 
0.842974220616153 
0.860433485988540 
0.879813660658050 
0.901320596185886 
0.925178445032288 
0.951530716787564 
0.980594184862348 
1.012746535492188 
1.048116738035253 
1.086982003287244 
1.129727689315569 
1.176541866642440 
1.227942862379468 
1.284130578306392 
1.345845776872211 
1.413216676138562 
1.486753615022491 
1.566760482836876 
1.653924891733971 
1.748661551162376 
1.851476402240917 
1.963192560230479 
2.084202769949893 
2.215168037783437 
2.356913955749463 
2.510109948971014 
2.675538249996723 
2.854019645462168 
3.046341191812569 
3.253466383385129 
3.476210723119839 
3.715561670063845 
3.972560717513632 
4.248306457668711 
4.543946411977050 
4.860645458254759 
5.199592333545012 
5.561991417090217 
5.949189001137671 
6.362575839448954 
6.803573646872393 
7.273674019112477 
7.774451907362905 
8.307546417219349 
8.874640912508797 
9.477478542313692 
10.117897698327182 
10.797803572470078 
11.519166723246048 
12.284045250478250 
13.094562005569269 
13.952898993358811 
14.861350261371502 
15.822276331777882 
16.838131411162340 
17.911477653305070 
19.044945365304464 
20.241271577153604 
21.503311364623841 
22.833927268288853 
24.236148151813275 
25.713083204935042 
27.267958085226688 
28.904107184623250 
30.624980535097990 
32.434144447579975 
34.335287909085181 
36.332220449032299 
38.428875968352870 
40.629317548064066 
42.937740346719927 
45.358476854001289 
47.895998028831471 
50.554916030791468 
53.339989193154835 
56.256120814254089 
59.308364460346525 
62.501928720075867 
65.842181300473342 
69.334652840407244 
72.985040649051925 
76.799212459513228 
80.783210233238592 
84.943254028728489 
89.285745939116353 
93.817274099368177 
98.544616762042025 
103.474746439581139 
108.614834110539078 
113.972253486819028 
119.554585338898846 
125.369621876098137 
131.425371179215091 
137.730061683291581 
144.292146708825470 
151.120309040403782 
158.223465552417451 
165.610771882195507 
173.291627151522761 
181.275678738028802 
189.572827098337569 
198.193230645135799 
207.147310680423175 
216.445756387193796 
226.099529881632577 
236.119871327632325 
246.518304115063927 
257.306640102734320 
268.496984926403741 
280.101743371530972 
292.133624809592845 
304.605648695816967 
317.531150124895248 
330.923785439648270 
344.797537885500788 
359.166723300869364 
374.045995829890671 
389.450353638989895 
405.395144612225749 
421.896071991486849 
438.969199915755439 
456.630958797685935 
474.898150454231427 
493.787952878990723 
513.317924504482562 
533.506007748611637 
554.370531565269516 
575.930212615691630 
598.204154533548035 
621.211844607012608 
644.973146774381462 
669.508289360067920 
694.837845312014792 
720.982701450310287 
747.964011142009781 
775.803121083126598 
804.521455793956420 
834.140329100975691 
864.680620427776148 
896.162177434914383 
928.602591806652526 
962.014083849813346 
996.388332546390529 
