0.436923
0.880530
0.460906
0.875666
0.118034
0.967195
0.137478
0.963503
0.124845
0.965444
0.142545
0.962173
0.128431
0.964525
0.145416
0.961413
0.131277
0.963789
0.147594
0.960833
0.133892
0.963109
0.149455
0.960339
0.136280
0.962481
0.150986
0.959929
0.138409
0.961918
0.152201
0.959602
0.139983
0.961499
0.153041
0.959374
0.141254
0.961161
0.153687
0.959198
0.142162
0.960919
0.154116
0.959082
0.142828
0.960742
0.154384
0.959008
0.143297
0.960616
0.154517
0.958971
0.143604
0.960535
0.154674
0.958929
0.143927
0.960449
0.154783
0.958899
0.144172
0.960383
0.154888
0.958871
0.144330
0.960342
0.154947
0.958855
0.144464
0.960306
0.154995
0.958842
0.144561
0.960280
0.155027
0.958833
