30.000000
36.666668
43.333332
50.000000
30.000000
36.666668
43.333332
50.000000
30.276497
36.739418
43.160118
49.545372
30.344152
36.810734
43.233356
49.619083
30.251841
36.716206
43.139416
49.528061
30.361818
36.833946
43.262363
49.654087
30.242344
36.705509
43.127655
49.515354
30.379126
36.853241
43.283356
49.676544
30.239874
36.701061
43.121006
49.506325
30.393864
36.868240
43.298161
49.690769
30.241247
36.700081
43.117271
49.499496
30.406054
36.879723
43.308414
49.699360
30.244959
36.701237
43.115349
49.494064
30.416243
36.888668
43.315586
49.704315
30.249846
36.703430
43.114277
49.489243
30.424604
36.895512
43.320396
49.706665
30.255209
36.706078
43.113613
49.484772
30.431408
36.900726
43.323551
49.707367
30.260326
36.708664
43.113102
49.480701
30.436754
36.904575
43.325500
49.707077
30.265005
36.711052
43.112698
49.477077
30.440947
36.907425
43.326664
49.706268
30.269054
36.713131
43.112366
49.473972
30.444176
36.909523
43.327343
49.705296
30.272449
36.714867
43.112083
49.471363
30.446606
36.911026
43.327702
49.704327
30.275204
36.716267
43.111828
49.469208
30.448362
36.912067
43.327862
49.703461
30.277411
36.717407
43.111660
49.467533
30.449713
36.912849
43.327938
49.702728
30.279230
36.718346
43.111523
49.466160
30.450741
36.913429
43.327972
49.702129
30.280722
36.719120
43.111427
49.465057
30.451540
36.913868
43.327972
49.701622
30.281910
36.719749
43.111370
49.464211
30.452152
36.914207
43.327972
49.701233
30.282846
36.720238
43.111305
49.463516
30.452600
36.914436
43.327938
49.700890
